# time V+ V-
0.000000000e+00 0.000000000e+00 -0.000000000e+00
1.000000000e-05 0.000000000e+00 -0.000000000e+00
2.000000000e-05 0.000000000e+00 -0.000000000e+00
3.000000000e-05 0.000000000e+00 -0.000000000e+00
4.000000000e-05 0.000000000e+00 -0.000000000e+00
5.000000000e-05 0.000000000e+00 -0.000000000e+00
6.000000000e-05 0.000000000e+00 -0.000000000e+00
7.000000000e-05 0.000000000e+00 -0.000000000e+00
8.000000000e-05 0.000000000e+00 -0.000000000e+00
9.000000000e-05 0.000000000e+00 -0.000000000e+00
1.000000000e-04 0.000000000e+00 -0.000000000e+00
1.100000000e-04 0.000000000e+00 -0.000000000e+00
1.200000000e-04 0.000000000e+00 -0.000000000e+00
1.300000000e-04 0.000000000e+00 -0.000000000e+00
1.400000000e-04 0.000000000e+00 -0.000000000e+00
1.500000000e-04 0.000000000e+00 -0.000000000e+00
1.600000000e-04 0.000000000e+00 -0.000000000e+00
1.700000000e-04 0.000000000e+00 -0.000000000e+00
1.800000000e-04 0.000000000e+00 -0.000000000e+00
1.900000000e-04 0.000000000e+00 -0.000000000e+00
2.000000000e-04 0.000000000e+00 -0.000000000e+00
2.100000000e-04 0.000000000e+00 -0.000000000e+00
2.200000000e-04 0.000000000e+00 -0.000000000e+00
2.300000000e-04 0.000000000e+00 -0.000000000e+00
2.400000000e-04 0.000000000e+00 -0.000000000e+00
2.500000000e-04 0.000000000e+00 -0.000000000e+00
2.600000000e-04 0.000000000e+00 -0.000000000e+00
2.700000000e-04 0.000000000e+00 -0.000000000e+00
2.800000000e-04 0.000000000e+00 -0.000000000e+00
2.900000000e-04 0.000000000e+00 -0.000000000e+00
3.000000000e-04 0.000000000e+00 -0.000000000e+00
3.100000000e-04 0.000000000e+00 -0.000000000e+00
3.200000000e-04 0.000000000e+00 -0.000000000e+00
3.300000000e-04 0.000000000e+00 -0.000000000e+00
3.400000000e-04 0.000000000e+00 -0.000000000e+00
3.500000000e-04 0.000000000e+00 -0.000000000e+00
3.600000000e-04 0.000000000e+00 -0.000000000e+00
3.700000000e-04 0.000000000e+00 -0.000000000e+00
3.800000000e-04 0.000000000e+00 -0.000000000e+00
3.900000000e-04 0.000000000e+00 -0.000000000e+00
4.000000000e-04 0.000000000e+00 -0.000000000e+00
4.100000000e-04 0.000000000e+00 -0.000000000e+00
4.200000000e-04 0.000000000e+00 -0.000000000e+00
4.300000000e-04 0.000000000e+00 -0.000000000e+00
4.400000000e-04 0.000000000e+00 -0.000000000e+00
4.500000000e-04 0.000000000e+00 -0.000000000e+00
4.600000000e-04 0.000000000e+00 -0.000000000e+00
4.700000000e-04 0.000000000e+00 -0.000000000e+00
4.800000000e-04 0.000000000e+00 -0.000000000e+00
4.900000000e-04 0.000000000e+00 -0.000000000e+00
5.000000000e-04 0.000000000e+00 -0.000000000e+00
5.100000000e-04 0.000000000e+00 -0.000000000e+00
5.200000000e-04 0.000000000e+00 -0.000000000e+00
5.300000000e-04 0.000000000e+00 -0.000000000e+00
5.400000000e-04 0.000000000e+00 -0.000000000e+00
5.500000000e-04 0.000000000e+00 -0.000000000e+00
5.600000000e-04 0.000000000e+00 -0.000000000e+00
5.700000000e-04 0.000000000e+00 -0.000000000e+00
5.800000000e-04 0.000000000e+00 -0.000000000e+00
5.900000000e-04 0.000000000e+00 -0.000000000e+00
6.000000000e-04 0.000000000e+00 -0.000000000e+00
6.100000000e-04 0.000000000e+00 -0.000000000e+00
6.200000000e-04 0.000000000e+00 -0.000000000e+00
6.300000000e-04 0.000000000e+00 -0.000000000e+00
6.400000000e-04 0.000000000e+00 -0.000000000e+00
6.500000000e-04 0.000000000e+00 -0.000000000e+00
6.600000000e-04 0.000000000e+00 -0.000000000e+00
6.700000000e-04 0.000000000e+00 -0.000000000e+00
6.800000000e-04 0.000000000e+00 -0.000000000e+00
6.900000000e-04 0.000000000e+00 -0.000000000e+00
7.000000000e-04 0.000000000e+00 -0.000000000e+00
7.100000000e-04 0.000000000e+00 -0.000000000e+00
7.200000000e-04 0.000000000e+00 -0.000000000e+00
7.300000000e-04 0.000000000e+00 -0.000000000e+00
7.400000000e-04 0.000000000e+00 -0.000000000e+00
7.500000000e-04 0.000000000e+00 -0.000000000e+00
7.600000000e-04 0.000000000e+00 -0.000000000e+00
7.700000000e-04 0.000000000e+00 -0.000000000e+00
7.800000000e-04 0.000000000e+00 -0.000000000e+00
7.900000000e-04 0.000000000e+00 -0.000000000e+00
8.000000000e-04 0.000000000e+00 -0.000000000e+00
8.100000000e-04 0.000000000e+00 -0.000000000e+00
8.200000000e-04 0.000000000e+00 -0.000000000e+00
8.300000000e-04 0.000000000e+00 -0.000000000e+00
8.400000000e-04 0.000000000e+00 -0.000000000e+00
8.500000000e-04 0.000000000e+00 -0.000000000e+00
8.600000000e-04 0.000000000e+00 -0.000000000e+00
8.700000000e-04 0.000000000e+00 -0.000000000e+00
8.800000000e-04 0.000000000e+00 -0.000000000e+00
8.900000000e-04 0.000000000e+00 -0.000000000e+00
9.000000000e-04 0.000000000e+00 -0.000000000e+00
9.100000000e-04 0.000000000e+00 -0.000000000e+00
9.200000000e-04 0.000000000e+00 -0.000000000e+00
9.300000000e-04 0.000000000e+00 -0.000000000e+00
9.400000000e-04 0.000000000e+00 -0.000000000e+00
9.500000000e-04 0.000000000e+00 -0.000000000e+00
9.600000000e-04 0.000000000e+00 -0.000000000e+00
9.700000000e-04 0.000000000e+00 -0.000000000e+00
9.800000000e-04 0.000000000e+00 -0.000000000e+00
9.900000000e-04 0.000000000e+00 -0.000000000e+00
1.000000000e-03 0.000000000e+00 -0.000000000e+00
1.010000000e-03 0.000000000e+00 -0.000000000e+00
1.020000000e-03 0.000000000e+00 -0.000000000e+00
1.030000000e-03 0.000000000e+00 -0.000000000e+00
1.040000000e-03 0.000000000e+00 -0.000000000e+00
1.050000000e-03 0.000000000e+00 -0.000000000e+00
1.060000000e-03 0.000000000e+00 -0.000000000e+00
1.070000000e-03 0.000000000e+00 -0.000000000e+00
1.080000000e-03 0.000000000e+00 -0.000000000e+00
1.090000000e-03 0.000000000e+00 -0.000000000e+00
1.100000000e-03 0.000000000e+00 -0.000000000e+00
1.110000000e-03 0.000000000e+00 -0.000000000e+00
1.120000000e-03 0.000000000e+00 -0.000000000e+00
1.130000000e-03 0.000000000e+00 -0.000000000e+00
1.140000000e-03 0.000000000e+00 -0.000000000e+00
1.150000000e-03 0.000000000e+00 -0.000000000e+00
1.160000000e-03 0.000000000e+00 -0.000000000e+00
1.170000000e-03 0.000000000e+00 -0.000000000e+00
1.180000000e-03 0.000000000e+00 -0.000000000e+00
1.190000000e-03 0.000000000e+00 -0.000000000e+00
1.200000000e-03 0.000000000e+00 -0.000000000e+00
1.210000000e-03 0.000000000e+00 -0.000000000e+00
1.220000000e-03 0.000000000e+00 -0.000000000e+00
1.230000000e-03 0.000000000e+00 -0.000000000e+00
1.240000000e-03 0.000000000e+00 -0.000000000e+00
1.250000000e-03 0.000000000e+00 -0.000000000e+00
1.260000000e-03 0.000000000e+00 -0.000000000e+00
1.270000000e-03 0.000000000e+00 -0.000000000e+00
1.280000000e-03 0.000000000e+00 -0.000000000e+00
1.290000000e-03 0.000000000e+00 -0.000000000e+00
1.300000000e-03 0.000000000e+00 -0.000000000e+00
1.310000000e-03 0.000000000e+00 -0.000000000e+00
1.320000000e-03 0.000000000e+00 -0.000000000e+00
1.330000000e-03 0.000000000e+00 -0.000000000e+00
1.340000000e-03 0.000000000e+00 -0.000000000e+00
1.350000000e-03 0.000000000e+00 -0.000000000e+00
1.360000000e-03 0.000000000e+00 -0.000000000e+00
1.370000000e-03 0.000000000e+00 -0.000000000e+00
1.380000000e-03 0.000000000e+00 -0.000000000e+00
1.390000000e-03 0.000000000e+00 -0.000000000e+00
1.400000000e-03 0.000000000e+00 -0.000000000e+00
1.410000000e-03 0.000000000e+00 -0.000000000e+00
1.420000000e-03 0.000000000e+00 -0.000000000e+00
1.430000000e-03 0.000000000e+00 -0.000000000e+00
1.440000000e-03 0.000000000e+00 -0.000000000e+00
1.450000000e-03 0.000000000e+00 -0.000000000e+00
1.460000000e-03 0.000000000e+00 -0.000000000e+00
1.470000000e-03 0.000000000e+00 -0.000000000e+00
1.480000000e-03 0.000000000e+00 -0.000000000e+00
1.490000000e-03 0.000000000e+00 -0.000000000e+00
1.500000000e-03 0.000000000e+00 -0.000000000e+00
1.510000000e-03 0.000000000e+00 -0.000000000e+00
1.520000000e-03 0.000000000e+00 -0.000000000e+00
1.530000000e-03 0.000000000e+00 -0.000000000e+00
1.540000000e-03 0.000000000e+00 -0.000000000e+00
1.550000000e-03 0.000000000e+00 -0.000000000e+00
1.560000000e-03 0.000000000e+00 -0.000000000e+00
1.570000000e-03 0.000000000e+00 -0.000000000e+00
1.580000000e-03 0.000000000e+00 -0.000000000e+00
1.590000000e-03 0.000000000e+00 -0.000000000e+00
1.600000000e-03 0.000000000e+00 -0.000000000e+00
1.610000000e-03 0.000000000e+00 -0.000000000e+00
1.620000000e-03 0.000000000e+00 -0.000000000e+00
1.630000000e-03 0.000000000e+00 -0.000000000e+00
1.640000000e-03 0.000000000e+00 -0.000000000e+00
1.650000000e-03 0.000000000e+00 -0.000000000e+00
1.660000000e-03 0.000000000e+00 -0.000000000e+00
1.670000000e-03 0.000000000e+00 -0.000000000e+00
1.680000000e-03 0.000000000e+00 -0.000000000e+00
1.690000000e-03 0.000000000e+00 -0.000000000e+00
1.700000000e-03 0.000000000e+00 -0.000000000e+00
1.710000000e-03 0.000000000e+00 -0.000000000e+00
1.720000000e-03 0.000000000e+00 -0.000000000e+00
1.730000000e-03 0.000000000e+00 -0.000000000e+00
1.740000000e-03 0.000000000e+00 -0.000000000e+00
1.750000000e-03 0.000000000e+00 -0.000000000e+00
1.760000000e-03 0.000000000e+00 -0.000000000e+00
1.770000000e-03 0.000000000e+00 -0.000000000e+00
1.780000000e-03 0.000000000e+00 -0.000000000e+00
1.790000000e-03 0.000000000e+00 -0.000000000e+00
1.800000000e-03 0.000000000e+00 -0.000000000e+00
1.810000000e-03 0.000000000e+00 -0.000000000e+00
1.820000000e-03 0.000000000e+00 -0.000000000e+00
1.830000000e-03 0.000000000e+00 -0.000000000e+00
1.840000000e-03 0.000000000e+00 -0.000000000e+00
1.850000000e-03 0.000000000e+00 -0.000000000e+00
1.860000000e-03 0.000000000e+00 -0.000000000e+00
1.870000000e-03 0.000000000e+00 -0.000000000e+00
1.880000000e-03 0.000000000e+00 -0.000000000e+00
1.890000000e-03 0.000000000e+00 -0.000000000e+00
1.900000000e-03 0.000000000e+00 -0.000000000e+00
1.910000000e-03 0.000000000e+00 -0.000000000e+00
1.920000000e-03 0.000000000e+00 -0.000000000e+00
1.930000000e-03 0.000000000e+00 -0.000000000e+00
1.940000000e-03 0.000000000e+00 -0.000000000e+00
1.950000000e-03 0.000000000e+00 -0.000000000e+00
1.960000000e-03 0.000000000e+00 -0.000000000e+00
1.970000000e-03 0.000000000e+00 -0.000000000e+00
1.980000000e-03 0.000000000e+00 -0.000000000e+00
1.990000000e-03 0.000000000e+00 -0.000000000e+00
2.000000000e-03 0.000000000e+00 -0.000000000e+00
2.010000000e-03 0.000000000e+00 -0.000000000e+00
2.020000000e-03 0.000000000e+00 -0.000000000e+00
2.030000000e-03 0.000000000e+00 -0.000000000e+00
2.040000000e-03 0.000000000e+00 -0.000000000e+00
2.050000000e-03 0.000000000e+00 -0.000000000e+00
2.060000000e-03 0.000000000e+00 -0.000000000e+00
2.070000000e-03 0.000000000e+00 -0.000000000e+00
2.080000000e-03 0.000000000e+00 -0.000000000e+00
2.090000000e-03 0.000000000e+00 -0.000000000e+00
2.100000000e-03 0.000000000e+00 -0.000000000e+00
2.110000000e-03 0.000000000e+00 -0.000000000e+00
2.120000000e-03 0.000000000e+00 -0.000000000e+00
2.130000000e-03 0.000000000e+00 -0.000000000e+00
2.140000000e-03 0.000000000e+00 -0.000000000e+00
2.150000000e-03 0.000000000e+00 -0.000000000e+00
2.160000000e-03 0.000000000e+00 -0.000000000e+00
2.170000000e-03 0.000000000e+00 -0.000000000e+00
2.180000000e-03 0.000000000e+00 -0.000000000e+00
2.190000000e-03 0.000000000e+00 -0.000000000e+00
2.200000000e-03 0.000000000e+00 -0.000000000e+00
2.210000000e-03 0.000000000e+00 -0.000000000e+00
2.220000000e-03 0.000000000e+00 -0.000000000e+00
2.230000000e-03 0.000000000e+00 -0.000000000e+00
2.240000000e-03 0.000000000e+00 -0.000000000e+00
2.250000000e-03 0.000000000e+00 -0.000000000e+00
2.260000000e-03 0.000000000e+00 -0.000000000e+00
2.270000000e-03 0.000000000e+00 -0.000000000e+00
2.280000000e-03 0.000000000e+00 -0.000000000e+00
2.290000000e-03 0.000000000e+00 -0.000000000e+00
2.300000000e-03 0.000000000e+00 -0.000000000e+00
2.310000000e-03 0.000000000e+00 -0.000000000e+00
2.320000000e-03 0.000000000e+00 -0.000000000e+00
2.330000000e-03 0.000000000e+00 -0.000000000e+00
2.340000000e-03 0.000000000e+00 -0.000000000e+00
2.350000000e-03 0.000000000e+00 -0.000000000e+00
2.360000000e-03 0.000000000e+00 -0.000000000e+00
2.370000000e-03 0.000000000e+00 -0.000000000e+00
2.380000000e-03 0.000000000e+00 -0.000000000e+00
2.390000000e-03 0.000000000e+00 -0.000000000e+00
2.400000000e-03 0.000000000e+00 -0.000000000e+00
2.410000000e-03 0.000000000e+00 -0.000000000e+00
2.420000000e-03 0.000000000e+00 -0.000000000e+00
2.430000000e-03 0.000000000e+00 -0.000000000e+00
2.440000000e-03 0.000000000e+00 -0.000000000e+00
2.450000000e-03 0.000000000e+00 -0.000000000e+00
2.460000000e-03 0.000000000e+00 -0.000000000e+00
2.470000000e-03 0.000000000e+00 -0.000000000e+00
2.480000000e-03 0.000000000e+00 -0.000000000e+00
2.490000000e-03 0.000000000e+00 -0.000000000e+00
2.500000000e-03 0.000000000e+00 -0.000000000e+00
2.510000000e-03 0.000000000e+00 -0.000000000e+00
2.520000000e-03 0.000000000e+00 -0.000000000e+00
2.530000000e-03 0.000000000e+00 -0.000000000e+00
2.540000000e-03 0.000000000e+00 -0.000000000e+00
2.550000000e-03 0.000000000e+00 -0.000000000e+00
2.560000000e-03 0.000000000e+00 -0.000000000e+00
2.570000000e-03 0.000000000e+00 -0.000000000e+00
2.580000000e-03 0.000000000e+00 -0.000000000e+00
2.590000000e-03 0.000000000e+00 -0.000000000e+00
2.600000000e-03 0.000000000e+00 -0.000000000e+00
2.610000000e-03 0.000000000e+00 -0.000000000e+00
2.620000000e-03 0.000000000e+00 -0.000000000e+00
2.630000000e-03 0.000000000e+00 -0.000000000e+00
2.640000000e-03 0.000000000e+00 -0.000000000e+00
2.650000000e-03 0.000000000e+00 -0.000000000e+00
2.660000000e-03 0.000000000e+00 -0.000000000e+00
2.670000000e-03 0.000000000e+00 -0.000000000e+00
2.680000000e-03 0.000000000e+00 -0.000000000e+00
2.690000000e-03 0.000000000e+00 -0.000000000e+00
2.700000000e-03 0.000000000e+00 -0.000000000e+00
2.710000000e-03 0.000000000e+00 -0.000000000e+00
2.720000000e-03 0.000000000e+00 -0.000000000e+00
2.730000000e-03 0.000000000e+00 -0.000000000e+00
2.740000000e-03 0.000000000e+00 -0.000000000e+00
2.750000000e-03 0.000000000e+00 -0.000000000e+00
2.760000000e-03 0.000000000e+00 -0.000000000e+00
2.770000000e-03 0.000000000e+00 -0.000000000e+00
2.780000000e-03 0.000000000e+00 -0.000000000e+00
2.790000000e-03 0.000000000e+00 -0.000000000e+00
2.800000000e-03 0.000000000e+00 -0.000000000e+00
2.810000000e-03 0.000000000e+00 -0.000000000e+00
2.820000000e-03 0.000000000e+00 -0.000000000e+00
2.830000000e-03 0.000000000e+00 -0.000000000e+00
2.840000000e-03 0.000000000e+00 -0.000000000e+00
2.850000000e-03 0.000000000e+00 -0.000000000e+00
2.860000000e-03 0.000000000e+00 -0.000000000e+00
2.870000000e-03 0.000000000e+00 -0.000000000e+00
2.880000000e-03 0.000000000e+00 -0.000000000e+00
2.890000000e-03 0.000000000e+00 -0.000000000e+00
2.900000000e-03 0.000000000e+00 -0.000000000e+00
2.910000000e-03 0.000000000e+00 -0.000000000e+00
2.920000000e-03 0.000000000e+00 -0.000000000e+00
2.930000000e-03 0.000000000e+00 -0.000000000e+00
2.940000000e-03 0.000000000e+00 -0.000000000e+00
2.950000000e-03 0.000000000e+00 -0.000000000e+00
2.960000000e-03 0.000000000e+00 -0.000000000e+00
2.970000000e-03 0.000000000e+00 -0.000000000e+00
2.980000000e-03 0.000000000e+00 -0.000000000e+00
2.990000000e-03 0.000000000e+00 -0.000000000e+00
3.000000000e-03 0.000000000e+00 -0.000000000e+00
3.010000000e-03 0.000000000e+00 -0.000000000e+00
3.020000000e-03 0.000000000e+00 -0.000000000e+00
3.030000000e-03 0.000000000e+00 -0.000000000e+00
3.040000000e-03 0.000000000e+00 -0.000000000e+00
3.050000000e-03 0.000000000e+00 -0.000000000e+00
3.060000000e-03 0.000000000e+00 -0.000000000e+00
3.070000000e-03 0.000000000e+00 -0.000000000e+00
3.080000000e-03 0.000000000e+00 -0.000000000e+00
3.090000000e-03 0.000000000e+00 -0.000000000e+00
3.100000000e-03 0.000000000e+00 -0.000000000e+00
3.110000000e-03 0.000000000e+00 -0.000000000e+00
3.120000000e-03 0.000000000e+00 -0.000000000e+00
3.130000000e-03 0.000000000e+00 -0.000000000e+00
3.140000000e-03 0.000000000e+00 -0.000000000e+00
3.150000000e-03 0.000000000e+00 -0.000000000e+00
3.160000000e-03 0.000000000e+00 -0.000000000e+00
3.170000000e-03 0.000000000e+00 -0.000000000e+00
3.180000000e-03 0.000000000e+00 -0.000000000e+00
3.190000000e-03 0.000000000e+00 -0.000000000e+00
3.200000000e-03 0.000000000e+00 -0.000000000e+00
3.210000000e-03 0.000000000e+00 -0.000000000e+00
3.220000000e-03 0.000000000e+00 -0.000000000e+00
3.230000000e-03 0.000000000e+00 -0.000000000e+00
3.240000000e-03 0.000000000e+00 -0.000000000e+00
3.250000000e-03 0.000000000e+00 -0.000000000e+00
3.260000000e-03 0.000000000e+00 -0.000000000e+00
3.270000000e-03 0.000000000e+00 -0.000000000e+00
3.280000000e-03 0.000000000e+00 -0.000000000e+00
3.290000000e-03 0.000000000e+00 -0.000000000e+00
3.300000000e-03 0.000000000e+00 -0.000000000e+00
3.310000000e-03 0.000000000e+00 -0.000000000e+00
3.320000000e-03 0.000000000e+00 -0.000000000e+00
3.330000000e-03 0.000000000e+00 -0.000000000e+00
3.340000000e-03 0.000000000e+00 -0.000000000e+00
3.350000000e-03 0.000000000e+00 -0.000000000e+00
3.360000000e-03 0.000000000e+00 -0.000000000e+00
3.370000000e-03 0.000000000e+00 -0.000000000e+00
3.380000000e-03 0.000000000e+00 -0.000000000e+00
3.390000000e-03 0.000000000e+00 -0.000000000e+00
3.400000000e-03 0.000000000e+00 -0.000000000e+00
3.410000000e-03 0.000000000e+00 -0.000000000e+00
3.420000000e-03 0.000000000e+00 -0.000000000e+00
3.430000000e-03 0.000000000e+00 -0.000000000e+00
3.440000000e-03 0.000000000e+00 -0.000000000e+00
3.450000000e-03 0.000000000e+00 -0.000000000e+00
3.460000000e-03 0.000000000e+00 -0.000000000e+00
3.470000000e-03 0.000000000e+00 -0.000000000e+00
3.480000000e-03 0.000000000e+00 -0.000000000e+00
3.490000000e-03 0.000000000e+00 -0.000000000e+00
3.500000000e-03 0.000000000e+00 -0.000000000e+00
3.510000000e-03 0.000000000e+00 -0.000000000e+00
3.520000000e-03 0.000000000e+00 -0.000000000e+00
3.530000000e-03 0.000000000e+00 -0.000000000e+00
3.540000000e-03 0.000000000e+00 -0.000000000e+00
3.550000000e-03 0.000000000e+00 -0.000000000e+00
3.560000000e-03 0.000000000e+00 -0.000000000e+00
3.570000000e-03 0.000000000e+00 -0.000000000e+00
3.580000000e-03 0.000000000e+00 -0.000000000e+00
3.590000000e-03 0.000000000e+00 -0.000000000e+00
3.600000000e-03 0.000000000e+00 -0.000000000e+00
3.610000000e-03 0.000000000e+00 -0.000000000e+00
3.620000000e-03 0.000000000e+00 -0.000000000e+00
3.630000000e-03 0.000000000e+00 -0.000000000e+00
3.640000000e-03 0.000000000e+00 -0.000000000e+00
3.650000000e-03 0.000000000e+00 -0.000000000e+00
3.660000000e-03 0.000000000e+00 -0.000000000e+00
3.670000000e-03 0.000000000e+00 -0.000000000e+00
3.680000000e-03 0.000000000e+00 -0.000000000e+00
3.690000000e-03 0.000000000e+00 -0.000000000e+00
3.700000000e-03 0.000000000e+00 -0.000000000e+00
3.710000000e-03 0.000000000e+00 -0.000000000e+00
3.720000000e-03 0.000000000e+00 -0.000000000e+00
3.730000000e-03 0.000000000e+00 -0.000000000e+00
3.740000000e-03 0.000000000e+00 -0.000000000e+00
3.750000000e-03 0.000000000e+00 -0.000000000e+00
3.760000000e-03 0.000000000e+00 -0.000000000e+00
3.770000000e-03 0.000000000e+00 -0.000000000e+00
3.780000000e-03 0.000000000e+00 -0.000000000e+00
3.790000000e-03 0.000000000e+00 -0.000000000e+00
3.800000000e-03 0.000000000e+00 -0.000000000e+00
3.810000000e-03 0.000000000e+00 -0.000000000e+00
3.820000000e-03 0.000000000e+00 -0.000000000e+00
3.830000000e-03 0.000000000e+00 -0.000000000e+00
3.840000000e-03 0.000000000e+00 -0.000000000e+00
3.850000000e-03 0.000000000e+00 -0.000000000e+00
3.860000000e-03 0.000000000e+00 -0.000000000e+00
3.870000000e-03 0.000000000e+00 -0.000000000e+00
3.880000000e-03 0.000000000e+00 -0.000000000e+00
3.890000000e-03 0.000000000e+00 -0.000000000e+00
3.900000000e-03 0.000000000e+00 -0.000000000e+00
3.910000000e-03 0.000000000e+00 -0.000000000e+00
3.920000000e-03 0.000000000e+00 -0.000000000e+00
3.930000000e-03 0.000000000e+00 -0.000000000e+00
3.940000000e-03 0.000000000e+00 -0.000000000e+00
3.950000000e-03 0.000000000e+00 -0.000000000e+00
3.960000000e-03 0.000000000e+00 -0.000000000e+00
3.970000000e-03 0.000000000e+00 -0.000000000e+00
3.980000000e-03 0.000000000e+00 -0.000000000e+00
3.990000000e-03 0.000000000e+00 -0.000000000e+00
4.000000000e-03 0.000000000e+00 -0.000000000e+00
4.010000000e-03 0.000000000e+00 -0.000000000e+00
4.020000000e-03 0.000000000e+00 -0.000000000e+00
4.030000000e-03 0.000000000e+00 -0.000000000e+00
4.040000000e-03 0.000000000e+00 -0.000000000e+00
4.050000000e-03 0.000000000e+00 -0.000000000e+00
4.060000000e-03 0.000000000e+00 -0.000000000e+00
4.070000000e-03 0.000000000e+00 -0.000000000e+00
4.080000000e-03 0.000000000e+00 -0.000000000e+00
4.090000000e-03 0.000000000e+00 -0.000000000e+00
4.100000000e-03 0.000000000e+00 -0.000000000e+00
4.110000000e-03 0.000000000e+00 -0.000000000e+00
4.120000000e-03 0.000000000e+00 -0.000000000e+00
4.130000000e-03 0.000000000e+00 -0.000000000e+00
4.140000000e-03 0.000000000e+00 -0.000000000e+00
4.150000000e-03 0.000000000e+00 -0.000000000e+00
4.160000000e-03 0.000000000e+00 -0.000000000e+00
4.170000000e-03 0.000000000e+00 -0.000000000e+00
4.180000000e-03 0.000000000e+00 -0.000000000e+00
4.190000000e-03 0.000000000e+00 -0.000000000e+00
4.200000000e-03 0.000000000e+00 -0.000000000e+00
4.210000000e-03 0.000000000e+00 -0.000000000e+00
4.220000000e-03 0.000000000e+00 -0.000000000e+00
4.230000000e-03 0.000000000e+00 -0.000000000e+00
4.240000000e-03 0.000000000e+00 -0.000000000e+00
4.250000000e-03 0.000000000e+00 -0.000000000e+00
4.260000000e-03 0.000000000e+00 -0.000000000e+00
4.270000000e-03 0.000000000e+00 -0.000000000e+00
4.280000000e-03 0.000000000e+00 -0.000000000e+00
4.290000000e-03 0.000000000e+00 -0.000000000e+00
4.300000000e-03 0.000000000e+00 -0.000000000e+00
4.310000000e-03 0.000000000e+00 -0.000000000e+00
4.320000000e-03 0.000000000e+00 -0.000000000e+00
4.330000000e-03 0.000000000e+00 -0.000000000e+00
4.340000000e-03 0.000000000e+00 -0.000000000e+00
4.350000000e-03 0.000000000e+00 -0.000000000e+00
4.360000000e-03 0.000000000e+00 -0.000000000e+00
4.370000000e-03 0.000000000e+00 -0.000000000e+00
4.380000000e-03 0.000000000e+00 -0.000000000e+00
4.390000000e-03 0.000000000e+00 -0.000000000e+00
4.400000000e-03 0.000000000e+00 -0.000000000e+00
4.410000000e-03 0.000000000e+00 -0.000000000e+00
4.420000000e-03 0.000000000e+00 -0.000000000e+00
4.430000000e-03 0.000000000e+00 -0.000000000e+00
4.440000000e-03 0.000000000e+00 -0.000000000e+00
4.450000000e-03 0.000000000e+00 -0.000000000e+00
4.460000000e-03 0.000000000e+00 -0.000000000e+00
4.470000000e-03 0.000000000e+00 -0.000000000e+00
4.480000000e-03 0.000000000e+00 -0.000000000e+00
4.490000000e-03 0.000000000e+00 -0.000000000e+00
4.500000000e-03 0.000000000e+00 -0.000000000e+00
4.510000000e-03 0.000000000e+00 -0.000000000e+00
4.520000000e-03 0.000000000e+00 -0.000000000e+00
4.530000000e-03 0.000000000e+00 -0.000000000e+00
4.540000000e-03 0.000000000e+00 -0.000000000e+00
4.550000000e-03 0.000000000e+00 -0.000000000e+00
4.560000000e-03 0.000000000e+00 -0.000000000e+00
4.570000000e-03 0.000000000e+00 -0.000000000e+00
4.580000000e-03 0.000000000e+00 -0.000000000e+00
4.590000000e-03 0.000000000e+00 -0.000000000e+00
4.600000000e-03 0.000000000e+00 -0.000000000e+00
4.610000000e-03 0.000000000e+00 -0.000000000e+00
4.620000000e-03 0.000000000e+00 -0.000000000e+00
4.630000000e-03 0.000000000e+00 -0.000000000e+00
4.640000000e-03 0.000000000e+00 -0.000000000e+00
4.650000000e-03 0.000000000e+00 -0.000000000e+00
4.660000000e-03 0.000000000e+00 -0.000000000e+00
4.670000000e-03 0.000000000e+00 -0.000000000e+00
4.680000000e-03 0.000000000e+00 -0.000000000e+00
4.690000000e-03 0.000000000e+00 -0.000000000e+00
4.700000000e-03 0.000000000e+00 -0.000000000e+00
4.710000000e-03 0.000000000e+00 -0.000000000e+00
4.720000000e-03 0.000000000e+00 -0.000000000e+00
4.730000000e-03 0.000000000e+00 -0.000000000e+00
4.740000000e-03 0.000000000e+00 -0.000000000e+00
4.750000000e-03 0.000000000e+00 -0.000000000e+00
4.760000000e-03 0.000000000e+00 -0.000000000e+00
4.770000000e-03 0.000000000e+00 -0.000000000e+00
4.780000000e-03 0.000000000e+00 -0.000000000e+00
4.790000000e-03 0.000000000e+00 -0.000000000e+00
4.800000000e-03 0.000000000e+00 -0.000000000e+00
4.810000000e-03 0.000000000e+00 -0.000000000e+00
4.820000000e-03 0.000000000e+00 -0.000000000e+00
4.830000000e-03 0.000000000e+00 -0.000000000e+00
4.840000000e-03 0.000000000e+00 -0.000000000e+00
4.850000000e-03 0.000000000e+00 -0.000000000e+00
4.860000000e-03 0.000000000e+00 -0.000000000e+00
4.870000000e-03 0.000000000e+00 -0.000000000e+00
4.880000000e-03 0.000000000e+00 -0.000000000e+00
4.890000000e-03 0.000000000e+00 -0.000000000e+00
4.900000000e-03 0.000000000e+00 -0.000000000e+00
4.910000000e-03 0.000000000e+00 -0.000000000e+00
4.920000000e-03 0.000000000e+00 -0.000000000e+00
4.930000000e-03 0.000000000e+00 -0.000000000e+00
4.940000000e-03 0.000000000e+00 -0.000000000e+00
4.950000000e-03 0.000000000e+00 -0.000000000e+00
4.960000000e-03 0.000000000e+00 -0.000000000e+00
4.970000000e-03 0.000000000e+00 -0.000000000e+00
4.980000000e-03 0.000000000e+00 -0.000000000e+00
4.990000000e-03 0.000000000e+00 -0.000000000e+00
5.000000000e-03 0.000000000e+00 -0.000000000e+00
5.010000000e-03 1.500000000e-01 -1.500000000e-01
5.020000000e-03 1.500000000e-01 -1.500000000e-01
5.030000000e-03 1.500000000e-01 -1.500000000e-01
5.040000000e-03 1.500000000e-01 -1.500000000e-01
5.050000000e-03 1.500000000e-01 -1.500000000e-01
5.060000000e-03 1.500000000e-01 -1.500000000e-01
5.070000000e-03 1.500000000e-01 -1.500000000e-01
5.080000000e-03 1.500000000e-01 -1.500000000e-01
5.090000000e-03 1.500000000e-01 -1.500000000e-01
5.100000000e-03 1.500000000e-01 -1.500000000e-01
5.110000000e-03 1.500000000e-01 -1.500000000e-01
5.120000000e-03 1.500000000e-01 -1.500000000e-01
5.130000000e-03 1.500000000e-01 -1.500000000e-01
5.140000000e-03 1.500000000e-01 -1.500000000e-01
5.150000000e-03 1.500000000e-01 -1.500000000e-01
5.160000000e-03 1.500000000e-01 -1.500000000e-01
5.170000000e-03 1.500000000e-01 -1.500000000e-01
5.180000000e-03 1.500000000e-01 -1.500000000e-01
5.190000000e-03 1.500000000e-01 -1.500000000e-01
5.200000000e-03 1.500000000e-01 -1.500000000e-01
5.210000000e-03 1.500000000e-01 -1.500000000e-01
5.220000000e-03 1.500000000e-01 -1.500000000e-01
5.230000000e-03 1.500000000e-01 -1.500000000e-01
5.240000000e-03 1.500000000e-01 -1.500000000e-01
5.250000000e-03 1.500000000e-01 -1.500000000e-01
5.260000000e-03 1.500000000e-01 -1.500000000e-01
5.270000000e-03 1.500000000e-01 -1.500000000e-01
5.280000000e-03 1.500000000e-01 -1.500000000e-01
5.290000000e-03 1.500000000e-01 -1.500000000e-01
5.300000000e-03 1.500000000e-01 -1.500000000e-01
5.310000000e-03 1.500000000e-01 -1.500000000e-01
5.320000000e-03 1.500000000e-01 -1.500000000e-01
5.330000000e-03 1.500000000e-01 -1.500000000e-01
5.340000000e-03 1.500000000e-01 -1.500000000e-01
5.350000000e-03 1.500000000e-01 -1.500000000e-01
5.360000000e-03 1.500000000e-01 -1.500000000e-01
5.370000000e-03 1.500000000e-01 -1.500000000e-01
5.380000000e-03 1.500000000e-01 -1.500000000e-01
5.390000000e-03 1.500000000e-01 -1.500000000e-01
5.400000000e-03 1.500000000e-01 -1.500000000e-01
5.410000000e-03 1.500000000e-01 -1.500000000e-01
5.420000000e-03 1.500000000e-01 -1.500000000e-01
5.430000000e-03 1.500000000e-01 -1.500000000e-01
5.440000000e-03 1.500000000e-01 -1.500000000e-01
5.450000000e-03 1.500000000e-01 -1.500000000e-01
5.460000000e-03 1.500000000e-01 -1.500000000e-01
5.470000000e-03 1.500000000e-01 -1.500000000e-01
5.480000000e-03 1.500000000e-01 -1.500000000e-01
5.490000000e-03 1.500000000e-01 -1.500000000e-01
5.500000000e-03 1.500000000e-01 -1.500000000e-01
5.510000000e-03 -1.500000000e-01 1.500000000e-01
5.520000000e-03 -1.500000000e-01 1.500000000e-01
5.530000000e-03 -1.500000000e-01 1.500000000e-01
5.540000000e-03 -1.500000000e-01 1.500000000e-01
5.550000000e-03 -1.500000000e-01 1.500000000e-01
5.560000000e-03 -1.500000000e-01 1.500000000e-01
5.570000000e-03 -1.500000000e-01 1.500000000e-01
5.580000000e-03 -1.500000000e-01 1.500000000e-01
5.590000000e-03 -1.500000000e-01 1.500000000e-01
5.600000000e-03 -1.500000000e-01 1.500000000e-01
5.610000000e-03 -1.500000000e-01 1.500000000e-01
5.620000000e-03 -1.500000000e-01 1.500000000e-01
5.630000000e-03 -1.500000000e-01 1.500000000e-01
5.640000000e-03 -1.500000000e-01 1.500000000e-01
5.650000000e-03 -1.500000000e-01 1.500000000e-01
5.660000000e-03 -1.500000000e-01 1.500000000e-01
5.670000000e-03 -1.500000000e-01 1.500000000e-01
5.680000000e-03 -1.500000000e-01 1.500000000e-01
5.690000000e-03 -1.500000000e-01 1.500000000e-01
5.700000000e-03 -1.500000000e-01 1.500000000e-01
5.710000000e-03 -1.500000000e-01 1.500000000e-01
5.720000000e-03 -1.500000000e-01 1.500000000e-01
5.730000000e-03 -1.500000000e-01 1.500000000e-01
5.740000000e-03 -1.500000000e-01 1.500000000e-01
5.750000000e-03 -1.500000000e-01 1.500000000e-01
5.760000000e-03 -1.500000000e-01 1.500000000e-01
5.770000000e-03 -1.500000000e-01 1.500000000e-01
5.780000000e-03 -1.500000000e-01 1.500000000e-01
5.790000000e-03 -1.500000000e-01 1.500000000e-01
5.800000000e-03 -1.500000000e-01 1.500000000e-01
5.810000000e-03 -1.500000000e-01 1.500000000e-01
5.820000000e-03 -1.500000000e-01 1.500000000e-01
5.830000000e-03 -1.500000000e-01 1.500000000e-01
5.840000000e-03 -1.500000000e-01 1.500000000e-01
5.850000000e-03 -1.500000000e-01 1.500000000e-01
5.860000000e-03 -1.500000000e-01 1.500000000e-01
5.870000000e-03 -1.500000000e-01 1.500000000e-01
5.880000000e-03 -1.500000000e-01 1.500000000e-01
5.890000000e-03 -1.500000000e-01 1.500000000e-01
5.900000000e-03 -1.500000000e-01 1.500000000e-01
5.910000000e-03 -1.500000000e-01 1.500000000e-01
5.920000000e-03 -1.500000000e-01 1.500000000e-01
5.930000000e-03 -1.500000000e-01 1.500000000e-01
5.940000000e-03 -1.500000000e-01 1.500000000e-01
5.950000000e-03 -1.500000000e-01 1.500000000e-01
5.960000000e-03 -1.500000000e-01 1.500000000e-01
5.970000000e-03 -1.500000000e-01 1.500000000e-01
5.980000000e-03 -1.500000000e-01 1.500000000e-01
5.990000000e-03 -1.500000000e-01 1.500000000e-01
6.000000000e-03 -1.500000000e-01 1.500000000e-01
6.010000000e-03 0.000000000e+00 -0.000000000e+00
6.020000000e-03 0.000000000e+00 -0.000000000e+00
6.030000000e-03 0.000000000e+00 -0.000000000e+00
6.040000000e-03 0.000000000e+00 -0.000000000e+00
6.050000000e-03 0.000000000e+00 -0.000000000e+00
6.060000000e-03 0.000000000e+00 -0.000000000e+00
6.070000000e-03 0.000000000e+00 -0.000000000e+00
6.080000000e-03 0.000000000e+00 -0.000000000e+00
6.090000000e-03 0.000000000e+00 -0.000000000e+00
6.100000000e-03 0.000000000e+00 -0.000000000e+00
6.110000000e-03 0.000000000e+00 -0.000000000e+00
6.120000000e-03 0.000000000e+00 -0.000000000e+00
6.130000000e-03 0.000000000e+00 -0.000000000e+00
6.140000000e-03 0.000000000e+00 -0.000000000e+00
6.150000000e-03 0.000000000e+00 -0.000000000e+00
6.160000000e-03 0.000000000e+00 -0.000000000e+00
6.170000000e-03 0.000000000e+00 -0.000000000e+00
6.180000000e-03 0.000000000e+00 -0.000000000e+00
6.190000000e-03 0.000000000e+00 -0.000000000e+00
6.200000000e-03 0.000000000e+00 -0.000000000e+00
6.210000000e-03 0.000000000e+00 -0.000000000e+00
6.220000000e-03 0.000000000e+00 -0.000000000e+00
6.230000000e-03 0.000000000e+00 -0.000000000e+00
6.240000000e-03 0.000000000e+00 -0.000000000e+00
6.250000000e-03 0.000000000e+00 -0.000000000e+00
6.260000000e-03 0.000000000e+00 -0.000000000e+00
6.270000000e-03 0.000000000e+00 -0.000000000e+00
6.280000000e-03 0.000000000e+00 -0.000000000e+00
6.290000000e-03 0.000000000e+00 -0.000000000e+00
6.300000000e-03 0.000000000e+00 -0.000000000e+00
6.310000000e-03 0.000000000e+00 -0.000000000e+00
6.320000000e-03 0.000000000e+00 -0.000000000e+00
6.330000000e-03 0.000000000e+00 -0.000000000e+00
6.340000000e-03 0.000000000e+00 -0.000000000e+00
6.350000000e-03 0.000000000e+00 -0.000000000e+00
6.360000000e-03 0.000000000e+00 -0.000000000e+00
6.370000000e-03 0.000000000e+00 -0.000000000e+00
6.380000000e-03 0.000000000e+00 -0.000000000e+00
6.390000000e-03 0.000000000e+00 -0.000000000e+00
6.400000000e-03 0.000000000e+00 -0.000000000e+00
6.410000000e-03 0.000000000e+00 -0.000000000e+00
6.420000000e-03 0.000000000e+00 -0.000000000e+00
6.430000000e-03 0.000000000e+00 -0.000000000e+00
6.440000000e-03 0.000000000e+00 -0.000000000e+00
6.450000000e-03 0.000000000e+00 -0.000000000e+00
6.460000000e-03 0.000000000e+00 -0.000000000e+00
6.470000000e-03 0.000000000e+00 -0.000000000e+00
6.480000000e-03 0.000000000e+00 -0.000000000e+00
6.490000000e-03 0.000000000e+00 -0.000000000e+00
6.500000000e-03 0.000000000e+00 -0.000000000e+00
6.510000000e-03 0.000000000e+00 -0.000000000e+00
6.520000000e-03 0.000000000e+00 -0.000000000e+00
6.530000000e-03 0.000000000e+00 -0.000000000e+00
6.540000000e-03 0.000000000e+00 -0.000000000e+00
6.550000000e-03 0.000000000e+00 -0.000000000e+00
6.560000000e-03 0.000000000e+00 -0.000000000e+00
6.570000000e-03 0.000000000e+00 -0.000000000e+00
6.580000000e-03 0.000000000e+00 -0.000000000e+00
6.590000000e-03 0.000000000e+00 -0.000000000e+00
6.600000000e-03 0.000000000e+00 -0.000000000e+00
6.610000000e-03 0.000000000e+00 -0.000000000e+00
6.620000000e-03 0.000000000e+00 -0.000000000e+00
6.630000000e-03 0.000000000e+00 -0.000000000e+00
6.640000000e-03 0.000000000e+00 -0.000000000e+00
6.650000000e-03 0.000000000e+00 -0.000000000e+00
6.660000000e-03 0.000000000e+00 -0.000000000e+00
6.670000000e-03 0.000000000e+00 -0.000000000e+00
6.680000000e-03 0.000000000e+00 -0.000000000e+00
6.690000000e-03 0.000000000e+00 -0.000000000e+00
6.700000000e-03 0.000000000e+00 -0.000000000e+00
6.710000000e-03 0.000000000e+00 -0.000000000e+00
6.720000000e-03 0.000000000e+00 -0.000000000e+00
6.730000000e-03 0.000000000e+00 -0.000000000e+00
6.740000000e-03 0.000000000e+00 -0.000000000e+00
6.750000000e-03 0.000000000e+00 -0.000000000e+00
6.760000000e-03 0.000000000e+00 -0.000000000e+00
6.770000000e-03 0.000000000e+00 -0.000000000e+00
6.780000000e-03 0.000000000e+00 -0.000000000e+00
6.790000000e-03 0.000000000e+00 -0.000000000e+00
6.800000000e-03 0.000000000e+00 -0.000000000e+00
6.810000000e-03 0.000000000e+00 -0.000000000e+00
6.820000000e-03 0.000000000e+00 -0.000000000e+00
6.830000000e-03 0.000000000e+00 -0.000000000e+00
6.840000000e-03 0.000000000e+00 -0.000000000e+00
6.850000000e-03 0.000000000e+00 -0.000000000e+00
6.860000000e-03 0.000000000e+00 -0.000000000e+00
6.870000000e-03 0.000000000e+00 -0.000000000e+00
6.880000000e-03 0.000000000e+00 -0.000000000e+00
6.890000000e-03 0.000000000e+00 -0.000000000e+00
6.900000000e-03 0.000000000e+00 -0.000000000e+00
6.910000000e-03 0.000000000e+00 -0.000000000e+00
6.920000000e-03 0.000000000e+00 -0.000000000e+00
6.930000000e-03 0.000000000e+00 -0.000000000e+00
6.940000000e-03 0.000000000e+00 -0.000000000e+00
6.950000000e-03 0.000000000e+00 -0.000000000e+00
6.960000000e-03 0.000000000e+00 -0.000000000e+00
6.970000000e-03 0.000000000e+00 -0.000000000e+00
6.980000000e-03 0.000000000e+00 -0.000000000e+00
6.990000000e-03 0.000000000e+00 -0.000000000e+00
7.000000000e-03 0.000000000e+00 -0.000000000e+00
7.010000000e-03 1.500000000e-01 -1.500000000e-01
7.020000000e-03 1.500000000e-01 -1.500000000e-01
7.030000000e-03 1.500000000e-01 -1.500000000e-01
7.040000000e-03 1.500000000e-01 -1.500000000e-01
7.050000000e-03 1.500000000e-01 -1.500000000e-01
7.060000000e-03 1.500000000e-01 -1.500000000e-01
7.070000000e-03 1.500000000e-01 -1.500000000e-01
7.080000000e-03 1.500000000e-01 -1.500000000e-01
7.090000000e-03 1.500000000e-01 -1.500000000e-01
7.100000000e-03 1.500000000e-01 -1.500000000e-01
7.110000000e-03 1.500000000e-01 -1.500000000e-01
7.120000000e-03 1.500000000e-01 -1.500000000e-01
7.130000000e-03 1.500000000e-01 -1.500000000e-01
7.140000000e-03 1.500000000e-01 -1.500000000e-01
7.150000000e-03 1.500000000e-01 -1.500000000e-01
7.160000000e-03 1.500000000e-01 -1.500000000e-01
7.170000000e-03 1.500000000e-01 -1.500000000e-01
7.180000000e-03 1.500000000e-01 -1.500000000e-01
7.190000000e-03 1.500000000e-01 -1.500000000e-01
7.200000000e-03 1.500000000e-01 -1.500000000e-01
7.210000000e-03 1.500000000e-01 -1.500000000e-01
7.220000000e-03 1.500000000e-01 -1.500000000e-01
7.230000000e-03 1.500000000e-01 -1.500000000e-01
7.240000000e-03 1.500000000e-01 -1.500000000e-01
7.250000000e-03 1.500000000e-01 -1.500000000e-01
7.260000000e-03 1.500000000e-01 -1.500000000e-01
7.270000000e-03 1.500000000e-01 -1.500000000e-01
7.280000000e-03 1.500000000e-01 -1.500000000e-01
7.290000000e-03 1.500000000e-01 -1.500000000e-01
7.300000000e-03 1.500000000e-01 -1.500000000e-01
7.310000000e-03 1.500000000e-01 -1.500000000e-01
7.320000000e-03 1.500000000e-01 -1.500000000e-01
7.330000000e-03 1.500000000e-01 -1.500000000e-01
7.340000000e-03 1.500000000e-01 -1.500000000e-01
7.350000000e-03 1.500000000e-01 -1.500000000e-01
7.360000000e-03 1.500000000e-01 -1.500000000e-01
7.370000000e-03 1.500000000e-01 -1.500000000e-01
7.380000000e-03 1.500000000e-01 -1.500000000e-01
7.390000000e-03 1.500000000e-01 -1.500000000e-01
7.400000000e-03 1.500000000e-01 -1.500000000e-01
7.410000000e-03 1.500000000e-01 -1.500000000e-01
7.420000000e-03 1.500000000e-01 -1.500000000e-01
7.430000000e-03 1.500000000e-01 -1.500000000e-01
7.440000000e-03 1.500000000e-01 -1.500000000e-01
7.450000000e-03 1.500000000e-01 -1.500000000e-01
7.460000000e-03 1.500000000e-01 -1.500000000e-01
7.470000000e-03 1.500000000e-01 -1.500000000e-01
7.480000000e-03 1.500000000e-01 -1.500000000e-01
7.490000000e-03 1.500000000e-01 -1.500000000e-01
7.500000000e-03 1.500000000e-01 -1.500000000e-01
7.510000000e-03 -1.500000000e-01 1.500000000e-01
7.520000000e-03 -1.500000000e-01 1.500000000e-01
7.530000000e-03 -1.500000000e-01 1.500000000e-01
7.540000000e-03 -1.500000000e-01 1.500000000e-01
7.550000000e-03 -1.500000000e-01 1.500000000e-01
7.560000000e-03 -1.500000000e-01 1.500000000e-01
7.570000000e-03 -1.500000000e-01 1.500000000e-01
7.580000000e-03 -1.500000000e-01 1.500000000e-01
7.590000000e-03 -1.500000000e-01 1.500000000e-01
7.600000000e-03 -1.500000000e-01 1.500000000e-01
7.610000000e-03 -1.500000000e-01 1.500000000e-01
7.620000000e-03 -1.500000000e-01 1.500000000e-01
7.630000000e-03 -1.500000000e-01 1.500000000e-01
7.640000000e-03 -1.500000000e-01 1.500000000e-01
7.650000000e-03 -1.500000000e-01 1.500000000e-01
7.660000000e-03 -1.500000000e-01 1.500000000e-01
7.670000000e-03 -1.500000000e-01 1.500000000e-01
7.680000000e-03 -1.500000000e-01 1.500000000e-01
7.690000000e-03 -1.500000000e-01 1.500000000e-01
7.700000000e-03 -1.500000000e-01 1.500000000e-01
7.710000000e-03 -1.500000000e-01 1.500000000e-01
7.720000000e-03 -1.500000000e-01 1.500000000e-01
7.730000000e-03 -1.500000000e-01 1.500000000e-01
7.740000000e-03 -1.500000000e-01 1.500000000e-01
7.750000000e-03 -1.500000000e-01 1.500000000e-01
7.760000000e-03 -1.500000000e-01 1.500000000e-01
7.770000000e-03 -1.500000000e-01 1.500000000e-01
7.780000000e-03 -1.500000000e-01 1.500000000e-01
7.790000000e-03 -1.500000000e-01 1.500000000e-01
7.800000000e-03 -1.500000000e-01 1.500000000e-01
7.810000000e-03 -1.500000000e-01 1.500000000e-01
7.820000000e-03 -1.500000000e-01 1.500000000e-01
7.830000000e-03 -1.500000000e-01 1.500000000e-01
7.840000000e-03 -1.500000000e-01 1.500000000e-01
7.850000000e-03 -1.500000000e-01 1.500000000e-01
7.860000000e-03 -1.500000000e-01 1.500000000e-01
7.870000000e-03 -1.500000000e-01 1.500000000e-01
7.880000000e-03 -1.500000000e-01 1.500000000e-01
7.890000000e-03 -1.500000000e-01 1.500000000e-01
7.900000000e-03 -1.500000000e-01 1.500000000e-01
7.910000000e-03 -1.500000000e-01 1.500000000e-01
7.920000000e-03 -1.500000000e-01 1.500000000e-01
7.930000000e-03 -1.500000000e-01 1.500000000e-01
7.940000000e-03 -1.500000000e-01 1.500000000e-01
7.950000000e-03 -1.500000000e-01 1.500000000e-01
7.960000000e-03 -1.500000000e-01 1.500000000e-01
7.970000000e-03 -1.500000000e-01 1.500000000e-01
7.980000000e-03 -1.500000000e-01 1.500000000e-01
7.990000000e-03 -1.500000000e-01 1.500000000e-01
8.000000000e-03 0.000000000e+00 -0.000000000e+00
8.010000000e-03 0.000000000e+00 -0.000000000e+00
8.020000000e-03 0.000000000e+00 -0.000000000e+00
8.030000000e-03 0.000000000e+00 -0.000000000e+00
8.040000000e-03 0.000000000e+00 -0.000000000e+00
8.050000000e-03 0.000000000e+00 -0.000000000e+00
8.060000000e-03 0.000000000e+00 -0.000000000e+00
8.070000000e-03 0.000000000e+00 -0.000000000e+00
8.080000000e-03 0.000000000e+00 -0.000000000e+00
8.090000000e-03 0.000000000e+00 -0.000000000e+00
8.100000000e-03 0.000000000e+00 -0.000000000e+00
8.110000000e-03 0.000000000e+00 -0.000000000e+00
8.120000000e-03 0.000000000e+00 -0.000000000e+00
8.130000000e-03 0.000000000e+00 -0.000000000e+00
8.140000000e-03 0.000000000e+00 -0.000000000e+00
8.150000000e-03 0.000000000e+00 -0.000000000e+00
8.160000000e-03 0.000000000e+00 -0.000000000e+00
8.170000000e-03 0.000000000e+00 -0.000000000e+00
8.180000000e-03 0.000000000e+00 -0.000000000e+00
8.190000000e-03 0.000000000e+00 -0.000000000e+00
8.200000000e-03 0.000000000e+00 -0.000000000e+00
8.210000000e-03 0.000000000e+00 -0.000000000e+00
8.220000000e-03 0.000000000e+00 -0.000000000e+00
8.230000000e-03 0.000000000e+00 -0.000000000e+00
8.240000000e-03 0.000000000e+00 -0.000000000e+00
8.250000000e-03 0.000000000e+00 -0.000000000e+00
8.260000000e-03 0.000000000e+00 -0.000000000e+00
8.270000000e-03 0.000000000e+00 -0.000000000e+00
8.280000000e-03 0.000000000e+00 -0.000000000e+00
8.290000000e-03 0.000000000e+00 -0.000000000e+00
8.300000000e-03 0.000000000e+00 -0.000000000e+00
8.310000000e-03 0.000000000e+00 -0.000000000e+00
8.320000000e-03 0.000000000e+00 -0.000000000e+00
8.330000000e-03 0.000000000e+00 -0.000000000e+00
8.340000000e-03 0.000000000e+00 -0.000000000e+00
8.350000000e-03 0.000000000e+00 -0.000000000e+00
8.360000000e-03 0.000000000e+00 -0.000000000e+00
8.370000000e-03 0.000000000e+00 -0.000000000e+00
8.380000000e-03 0.000000000e+00 -0.000000000e+00
8.390000000e-03 0.000000000e+00 -0.000000000e+00
8.400000000e-03 0.000000000e+00 -0.000000000e+00
8.410000000e-03 0.000000000e+00 -0.000000000e+00
8.420000000e-03 0.000000000e+00 -0.000000000e+00
8.430000000e-03 0.000000000e+00 -0.000000000e+00
8.440000000e-03 0.000000000e+00 -0.000000000e+00
8.450000000e-03 0.000000000e+00 -0.000000000e+00
8.460000000e-03 0.000000000e+00 -0.000000000e+00
8.470000000e-03 0.000000000e+00 -0.000000000e+00
8.480000000e-03 0.000000000e+00 -0.000000000e+00
8.490000000e-03 0.000000000e+00 -0.000000000e+00
8.500000000e-03 0.000000000e+00 -0.000000000e+00
8.510000000e-03 0.000000000e+00 -0.000000000e+00
8.520000000e-03 0.000000000e+00 -0.000000000e+00
8.530000000e-03 0.000000000e+00 -0.000000000e+00
8.540000000e-03 0.000000000e+00 -0.000000000e+00
8.550000000e-03 0.000000000e+00 -0.000000000e+00
8.560000000e-03 0.000000000e+00 -0.000000000e+00
8.570000000e-03 0.000000000e+00 -0.000000000e+00
8.580000000e-03 0.000000000e+00 -0.000000000e+00
8.590000000e-03 0.000000000e+00 -0.000000000e+00
8.600000000e-03 0.000000000e+00 -0.000000000e+00
8.610000000e-03 0.000000000e+00 -0.000000000e+00
8.620000000e-03 0.000000000e+00 -0.000000000e+00
8.630000000e-03 0.000000000e+00 -0.000000000e+00
8.640000000e-03 0.000000000e+00 -0.000000000e+00
8.650000000e-03 0.000000000e+00 -0.000000000e+00
8.660000000e-03 0.000000000e+00 -0.000000000e+00
8.670000000e-03 0.000000000e+00 -0.000000000e+00
8.680000000e-03 0.000000000e+00 -0.000000000e+00
8.690000000e-03 0.000000000e+00 -0.000000000e+00
8.700000000e-03 0.000000000e+00 -0.000000000e+00
8.710000000e-03 0.000000000e+00 -0.000000000e+00
8.720000000e-03 0.000000000e+00 -0.000000000e+00
8.730000000e-03 0.000000000e+00 -0.000000000e+00
8.740000000e-03 0.000000000e+00 -0.000000000e+00
8.750000000e-03 0.000000000e+00 -0.000000000e+00
8.760000000e-03 0.000000000e+00 -0.000000000e+00
8.770000000e-03 0.000000000e+00 -0.000000000e+00
8.780000000e-03 0.000000000e+00 -0.000000000e+00
8.790000000e-03 0.000000000e+00 -0.000000000e+00
8.800000000e-03 0.000000000e+00 -0.000000000e+00
8.810000000e-03 0.000000000e+00 -0.000000000e+00
8.820000000e-03 0.000000000e+00 -0.000000000e+00
8.830000000e-03 0.000000000e+00 -0.000000000e+00
8.840000000e-03 0.000000000e+00 -0.000000000e+00
8.850000000e-03 0.000000000e+00 -0.000000000e+00
8.860000000e-03 0.000000000e+00 -0.000000000e+00
8.870000000e-03 0.000000000e+00 -0.000000000e+00
8.880000000e-03 0.000000000e+00 -0.000000000e+00
8.890000000e-03 0.000000000e+00 -0.000000000e+00
8.900000000e-03 0.000000000e+00 -0.000000000e+00
8.910000000e-03 0.000000000e+00 -0.000000000e+00
8.920000000e-03 0.000000000e+00 -0.000000000e+00
8.930000000e-03 0.000000000e+00 -0.000000000e+00
8.940000000e-03 0.000000000e+00 -0.000000000e+00
8.950000000e-03 0.000000000e+00 -0.000000000e+00
8.960000000e-03 0.000000000e+00 -0.000000000e+00
8.970000000e-03 0.000000000e+00 -0.000000000e+00
8.980000000e-03 0.000000000e+00 -0.000000000e+00
8.990000000e-03 0.000000000e+00 -0.000000000e+00
9.000000000e-03 0.000000000e+00 -0.000000000e+00
9.010000000e-03 1.500000000e-01 -1.500000000e-01
9.020000000e-03 1.500000000e-01 -1.500000000e-01
9.030000000e-03 1.500000000e-01 -1.500000000e-01
9.040000000e-03 1.500000000e-01 -1.500000000e-01
9.050000000e-03 1.500000000e-01 -1.500000000e-01
9.060000000e-03 1.500000000e-01 -1.500000000e-01
9.070000000e-03 1.500000000e-01 -1.500000000e-01
9.080000000e-03 1.500000000e-01 -1.500000000e-01
9.090000000e-03 1.500000000e-01 -1.500000000e-01
9.100000000e-03 1.500000000e-01 -1.500000000e-01
9.110000000e-03 1.500000000e-01 -1.500000000e-01
9.120000000e-03 1.500000000e-01 -1.500000000e-01
9.130000000e-03 1.500000000e-01 -1.500000000e-01
9.140000000e-03 1.500000000e-01 -1.500000000e-01
9.150000000e-03 1.500000000e-01 -1.500000000e-01
9.160000000e-03 1.500000000e-01 -1.500000000e-01
9.170000000e-03 1.500000000e-01 -1.500000000e-01
9.180000000e-03 1.500000000e-01 -1.500000000e-01
9.190000000e-03 1.500000000e-01 -1.500000000e-01
9.200000000e-03 1.500000000e-01 -1.500000000e-01
9.210000000e-03 1.500000000e-01 -1.500000000e-01
9.220000000e-03 1.500000000e-01 -1.500000000e-01
9.230000000e-03 1.500000000e-01 -1.500000000e-01
9.240000000e-03 1.500000000e-01 -1.500000000e-01
9.250000000e-03 1.500000000e-01 -1.500000000e-01
9.260000000e-03 1.500000000e-01 -1.500000000e-01
9.270000000e-03 1.500000000e-01 -1.500000000e-01
9.280000000e-03 1.500000000e-01 -1.500000000e-01
9.290000000e-03 1.500000000e-01 -1.500000000e-01
9.300000000e-03 1.500000000e-01 -1.500000000e-01
9.310000000e-03 1.500000000e-01 -1.500000000e-01
9.320000000e-03 1.500000000e-01 -1.500000000e-01
9.330000000e-03 1.500000000e-01 -1.500000000e-01
9.340000000e-03 1.500000000e-01 -1.500000000e-01
9.350000000e-03 1.500000000e-01 -1.500000000e-01
9.360000000e-03 1.500000000e-01 -1.500000000e-01
9.370000000e-03 1.500000000e-01 -1.500000000e-01
9.380000000e-03 1.500000000e-01 -1.500000000e-01
9.390000000e-03 1.500000000e-01 -1.500000000e-01
9.400000000e-03 1.500000000e-01 -1.500000000e-01
9.410000000e-03 1.500000000e-01 -1.500000000e-01
9.420000000e-03 1.500000000e-01 -1.500000000e-01
9.430000000e-03 1.500000000e-01 -1.500000000e-01
9.440000000e-03 1.500000000e-01 -1.500000000e-01
9.450000000e-03 1.500000000e-01 -1.500000000e-01
9.460000000e-03 1.500000000e-01 -1.500000000e-01
9.470000000e-03 1.500000000e-01 -1.500000000e-01
9.480000000e-03 1.500000000e-01 -1.500000000e-01
9.490000000e-03 1.500000000e-01 -1.500000000e-01
9.500000000e-03 1.500000000e-01 -1.500000000e-01
9.510000000e-03 -1.500000000e-01 1.500000000e-01
9.520000000e-03 -1.500000000e-01 1.500000000e-01
9.530000000e-03 -1.500000000e-01 1.500000000e-01
9.540000000e-03 -1.500000000e-01 1.500000000e-01
9.550000000e-03 -1.500000000e-01 1.500000000e-01
9.560000000e-03 -1.500000000e-01 1.500000000e-01
9.570000000e-03 -1.500000000e-01 1.500000000e-01
9.580000000e-03 -1.500000000e-01 1.500000000e-01
9.590000000e-03 -1.500000000e-01 1.500000000e-01
9.600000000e-03 -1.500000000e-01 1.500000000e-01
9.610000000e-03 -1.500000000e-01 1.500000000e-01
9.620000000e-03 -1.500000000e-01 1.500000000e-01
9.630000000e-03 -1.500000000e-01 1.500000000e-01
9.640000000e-03 -1.500000000e-01 1.500000000e-01
9.650000000e-03 -1.500000000e-01 1.500000000e-01
9.660000000e-03 -1.500000000e-01 1.500000000e-01
9.670000000e-03 -1.500000000e-01 1.500000000e-01
9.680000000e-03 -1.500000000e-01 1.500000000e-01
9.690000000e-03 -1.500000000e-01 1.500000000e-01
9.700000000e-03 -1.500000000e-01 1.500000000e-01
9.710000000e-03 -1.500000000e-01 1.500000000e-01
9.720000000e-03 -1.500000000e-01 1.500000000e-01
9.730000000e-03 -1.500000000e-01 1.500000000e-01
9.740000000e-03 -1.500000000e-01 1.500000000e-01
9.750000000e-03 -1.500000000e-01 1.500000000e-01
9.760000000e-03 -1.500000000e-01 1.500000000e-01
9.770000000e-03 -1.500000000e-01 1.500000000e-01
9.780000000e-03 -1.500000000e-01 1.500000000e-01
9.790000000e-03 -1.500000000e-01 1.500000000e-01
9.800000000e-03 -1.500000000e-01 1.500000000e-01
9.810000000e-03 -1.500000000e-01 1.500000000e-01
9.820000000e-03 -1.500000000e-01 1.500000000e-01
9.830000000e-03 -1.500000000e-01 1.500000000e-01
9.840000000e-03 -1.500000000e-01 1.500000000e-01
9.850000000e-03 -1.500000000e-01 1.500000000e-01
9.860000000e-03 -1.500000000e-01 1.500000000e-01
9.870000000e-03 -1.500000000e-01 1.500000000e-01
9.880000000e-03 -1.500000000e-01 1.500000000e-01
9.890000000e-03 -1.500000000e-01 1.500000000e-01
9.900000000e-03 -1.500000000e-01 1.500000000e-01
9.910000000e-03 -1.500000000e-01 1.500000000e-01
9.920000000e-03 -1.500000000e-01 1.500000000e-01
9.930000000e-03 -1.500000000e-01 1.500000000e-01
9.940000000e-03 -1.500000000e-01 1.500000000e-01
9.950000000e-03 -1.500000000e-01 1.500000000e-01
9.960000000e-03 -1.500000000e-01 1.500000000e-01
9.970000000e-03 -1.500000000e-01 1.500000000e-01
9.980000000e-03 -1.500000000e-01 1.500000000e-01
9.990000000e-03 -1.500000000e-01 1.500000000e-01
1.000000000e-02 -1.500000000e-01 1.500000000e-01
1.001000000e-02 0.000000000e+00 -0.000000000e+00
1.002000000e-02 0.000000000e+00 -0.000000000e+00
1.003000000e-02 0.000000000e+00 -0.000000000e+00
1.004000000e-02 0.000000000e+00 -0.000000000e+00
1.005000000e-02 0.000000000e+00 -0.000000000e+00
1.006000000e-02 0.000000000e+00 -0.000000000e+00
1.007000000e-02 0.000000000e+00 -0.000000000e+00
1.008000000e-02 0.000000000e+00 -0.000000000e+00
1.009000000e-02 0.000000000e+00 -0.000000000e+00
1.010000000e-02 0.000000000e+00 -0.000000000e+00
1.011000000e-02 0.000000000e+00 -0.000000000e+00
1.012000000e-02 0.000000000e+00 -0.000000000e+00
1.013000000e-02 0.000000000e+00 -0.000000000e+00
1.014000000e-02 0.000000000e+00 -0.000000000e+00
1.015000000e-02 0.000000000e+00 -0.000000000e+00
1.016000000e-02 0.000000000e+00 -0.000000000e+00
1.017000000e-02 0.000000000e+00 -0.000000000e+00
1.018000000e-02 0.000000000e+00 -0.000000000e+00
1.019000000e-02 0.000000000e+00 -0.000000000e+00
1.020000000e-02 0.000000000e+00 -0.000000000e+00
1.021000000e-02 0.000000000e+00 -0.000000000e+00
1.022000000e-02 0.000000000e+00 -0.000000000e+00
1.023000000e-02 0.000000000e+00 -0.000000000e+00
1.024000000e-02 0.000000000e+00 -0.000000000e+00
1.025000000e-02 0.000000000e+00 -0.000000000e+00
1.026000000e-02 0.000000000e+00 -0.000000000e+00
1.027000000e-02 0.000000000e+00 -0.000000000e+00
1.028000000e-02 0.000000000e+00 -0.000000000e+00
1.029000000e-02 0.000000000e+00 -0.000000000e+00
1.030000000e-02 0.000000000e+00 -0.000000000e+00
1.031000000e-02 0.000000000e+00 -0.000000000e+00
1.032000000e-02 0.000000000e+00 -0.000000000e+00
1.033000000e-02 0.000000000e+00 -0.000000000e+00
1.034000000e-02 0.000000000e+00 -0.000000000e+00
1.035000000e-02 0.000000000e+00 -0.000000000e+00
1.036000000e-02 0.000000000e+00 -0.000000000e+00
1.037000000e-02 0.000000000e+00 -0.000000000e+00
1.038000000e-02 0.000000000e+00 -0.000000000e+00
1.039000000e-02 0.000000000e+00 -0.000000000e+00
1.040000000e-02 0.000000000e+00 -0.000000000e+00
1.041000000e-02 0.000000000e+00 -0.000000000e+00
1.042000000e-02 0.000000000e+00 -0.000000000e+00
1.043000000e-02 0.000000000e+00 -0.000000000e+00
1.044000000e-02 0.000000000e+00 -0.000000000e+00
1.045000000e-02 0.000000000e+00 -0.000000000e+00
1.046000000e-02 0.000000000e+00 -0.000000000e+00
1.047000000e-02 0.000000000e+00 -0.000000000e+00
1.048000000e-02 0.000000000e+00 -0.000000000e+00
1.049000000e-02 0.000000000e+00 -0.000000000e+00
1.050000000e-02 0.000000000e+00 -0.000000000e+00
1.051000000e-02 0.000000000e+00 -0.000000000e+00
1.052000000e-02 0.000000000e+00 -0.000000000e+00
1.053000000e-02 0.000000000e+00 -0.000000000e+00
1.054000000e-02 0.000000000e+00 -0.000000000e+00
1.055000000e-02 0.000000000e+00 -0.000000000e+00
1.056000000e-02 0.000000000e+00 -0.000000000e+00
1.057000000e-02 0.000000000e+00 -0.000000000e+00
1.058000000e-02 0.000000000e+00 -0.000000000e+00
1.059000000e-02 0.000000000e+00 -0.000000000e+00
1.060000000e-02 0.000000000e+00 -0.000000000e+00
1.061000000e-02 0.000000000e+00 -0.000000000e+00
1.062000000e-02 0.000000000e+00 -0.000000000e+00
1.063000000e-02 0.000000000e+00 -0.000000000e+00
1.064000000e-02 0.000000000e+00 -0.000000000e+00
1.065000000e-02 0.000000000e+00 -0.000000000e+00
1.066000000e-02 0.000000000e+00 -0.000000000e+00
1.067000000e-02 0.000000000e+00 -0.000000000e+00
1.068000000e-02 0.000000000e+00 -0.000000000e+00
1.069000000e-02 0.000000000e+00 -0.000000000e+00
1.070000000e-02 0.000000000e+00 -0.000000000e+00
1.071000000e-02 0.000000000e+00 -0.000000000e+00
1.072000000e-02 0.000000000e+00 -0.000000000e+00
1.073000000e-02 0.000000000e+00 -0.000000000e+00
1.074000000e-02 0.000000000e+00 -0.000000000e+00
1.075000000e-02 0.000000000e+00 -0.000000000e+00
1.076000000e-02 0.000000000e+00 -0.000000000e+00
1.077000000e-02 0.000000000e+00 -0.000000000e+00
1.078000000e-02 0.000000000e+00 -0.000000000e+00
1.079000000e-02 0.000000000e+00 -0.000000000e+00
1.080000000e-02 0.000000000e+00 -0.000000000e+00
1.081000000e-02 0.000000000e+00 -0.000000000e+00
1.082000000e-02 0.000000000e+00 -0.000000000e+00
1.083000000e-02 0.000000000e+00 -0.000000000e+00
1.084000000e-02 0.000000000e+00 -0.000000000e+00
1.085000000e-02 0.000000000e+00 -0.000000000e+00
1.086000000e-02 0.000000000e+00 -0.000000000e+00
1.087000000e-02 0.000000000e+00 -0.000000000e+00
1.088000000e-02 0.000000000e+00 -0.000000000e+00
1.089000000e-02 0.000000000e+00 -0.000000000e+00
1.090000000e-02 0.000000000e+00 -0.000000000e+00
1.091000000e-02 0.000000000e+00 -0.000000000e+00
1.092000000e-02 0.000000000e+00 -0.000000000e+00
1.093000000e-02 0.000000000e+00 -0.000000000e+00
1.094000000e-02 0.000000000e+00 -0.000000000e+00
1.095000000e-02 0.000000000e+00 -0.000000000e+00
1.096000000e-02 0.000000000e+00 -0.000000000e+00
1.097000000e-02 0.000000000e+00 -0.000000000e+00
1.098000000e-02 0.000000000e+00 -0.000000000e+00
1.099000000e-02 0.000000000e+00 -0.000000000e+00
1.100000000e-02 1.500000000e-01 -1.500000000e-01
1.101000000e-02 1.500000000e-01 -1.500000000e-01
1.102000000e-02 1.500000000e-01 -1.500000000e-01
1.103000000e-02 1.500000000e-01 -1.500000000e-01
1.104000000e-02 1.500000000e-01 -1.500000000e-01
1.105000000e-02 1.500000000e-01 -1.500000000e-01
1.106000000e-02 1.500000000e-01 -1.500000000e-01
1.107000000e-02 1.500000000e-01 -1.500000000e-01
1.108000000e-02 1.500000000e-01 -1.500000000e-01
1.109000000e-02 1.500000000e-01 -1.500000000e-01
1.110000000e-02 1.500000000e-01 -1.500000000e-01
1.111000000e-02 1.500000000e-01 -1.500000000e-01
1.112000000e-02 1.500000000e-01 -1.500000000e-01
1.113000000e-02 1.500000000e-01 -1.500000000e-01
1.114000000e-02 1.500000000e-01 -1.500000000e-01
1.115000000e-02 1.500000000e-01 -1.500000000e-01
1.116000000e-02 1.500000000e-01 -1.500000000e-01
1.117000000e-02 1.500000000e-01 -1.500000000e-01
1.118000000e-02 1.500000000e-01 -1.500000000e-01
1.119000000e-02 1.500000000e-01 -1.500000000e-01
1.120000000e-02 1.500000000e-01 -1.500000000e-01
1.121000000e-02 1.500000000e-01 -1.500000000e-01
1.122000000e-02 1.500000000e-01 -1.500000000e-01
1.123000000e-02 1.500000000e-01 -1.500000000e-01
1.124000000e-02 1.500000000e-01 -1.500000000e-01
1.125000000e-02 1.500000000e-01 -1.500000000e-01
1.126000000e-02 1.500000000e-01 -1.500000000e-01
1.127000000e-02 1.500000000e-01 -1.500000000e-01
1.128000000e-02 1.500000000e-01 -1.500000000e-01
1.129000000e-02 1.500000000e-01 -1.500000000e-01
1.130000000e-02 1.500000000e-01 -1.500000000e-01
1.131000000e-02 1.500000000e-01 -1.500000000e-01
1.132000000e-02 1.500000000e-01 -1.500000000e-01
1.133000000e-02 1.500000000e-01 -1.500000000e-01
1.134000000e-02 1.500000000e-01 -1.500000000e-01
1.135000000e-02 1.500000000e-01 -1.500000000e-01
1.136000000e-02 1.500000000e-01 -1.500000000e-01
1.137000000e-02 1.500000000e-01 -1.500000000e-01
1.138000000e-02 1.500000000e-01 -1.500000000e-01
1.139000000e-02 1.500000000e-01 -1.500000000e-01
1.140000000e-02 1.500000000e-01 -1.500000000e-01
1.141000000e-02 1.500000000e-01 -1.500000000e-01
1.142000000e-02 1.500000000e-01 -1.500000000e-01
1.143000000e-02 1.500000000e-01 -1.500000000e-01
1.144000000e-02 1.500000000e-01 -1.500000000e-01
1.145000000e-02 1.500000000e-01 -1.500000000e-01
1.146000000e-02 1.500000000e-01 -1.500000000e-01
1.147000000e-02 1.500000000e-01 -1.500000000e-01
1.148000000e-02 1.500000000e-01 -1.500000000e-01
1.149000000e-02 1.500000000e-01 -1.500000000e-01
1.150000000e-02 -1.500000000e-01 1.500000000e-01
1.151000000e-02 -1.500000000e-01 1.500000000e-01
1.152000000e-02 -1.500000000e-01 1.500000000e-01
1.153000000e-02 -1.500000000e-01 1.500000000e-01
1.154000000e-02 -1.500000000e-01 1.500000000e-01
1.155000000e-02 -1.500000000e-01 1.500000000e-01
1.156000000e-02 -1.500000000e-01 1.500000000e-01
1.157000000e-02 -1.500000000e-01 1.500000000e-01
1.158000000e-02 -1.500000000e-01 1.500000000e-01
1.159000000e-02 -1.500000000e-01 1.500000000e-01
1.160000000e-02 -1.500000000e-01 1.500000000e-01
1.161000000e-02 -1.500000000e-01 1.500000000e-01
1.162000000e-02 -1.500000000e-01 1.500000000e-01
1.163000000e-02 -1.500000000e-01 1.500000000e-01
1.164000000e-02 -1.500000000e-01 1.500000000e-01
1.165000000e-02 -1.500000000e-01 1.500000000e-01
1.166000000e-02 -1.500000000e-01 1.500000000e-01
1.167000000e-02 -1.500000000e-01 1.500000000e-01
1.168000000e-02 -1.500000000e-01 1.500000000e-01
1.169000000e-02 -1.500000000e-01 1.500000000e-01
1.170000000e-02 -1.500000000e-01 1.500000000e-01
1.171000000e-02 -1.500000000e-01 1.500000000e-01
1.172000000e-02 -1.500000000e-01 1.500000000e-01
1.173000000e-02 -1.500000000e-01 1.500000000e-01
1.174000000e-02 -1.500000000e-01 1.500000000e-01
1.175000000e-02 -1.500000000e-01 1.500000000e-01
1.176000000e-02 -1.500000000e-01 1.500000000e-01
1.177000000e-02 -1.500000000e-01 1.500000000e-01
1.178000000e-02 -1.500000000e-01 1.500000000e-01
1.179000000e-02 -1.500000000e-01 1.500000000e-01
1.180000000e-02 -1.500000000e-01 1.500000000e-01
1.181000000e-02 -1.500000000e-01 1.500000000e-01
1.182000000e-02 -1.500000000e-01 1.500000000e-01
1.183000000e-02 -1.500000000e-01 1.500000000e-01
1.184000000e-02 -1.500000000e-01 1.500000000e-01
1.185000000e-02 -1.500000000e-01 1.500000000e-01
1.186000000e-02 -1.500000000e-01 1.500000000e-01
1.187000000e-02 -1.500000000e-01 1.500000000e-01
1.188000000e-02 -1.500000000e-01 1.500000000e-01
1.189000000e-02 -1.500000000e-01 1.500000000e-01
1.190000000e-02 -1.500000000e-01 1.500000000e-01
1.191000000e-02 -1.500000000e-01 1.500000000e-01
1.192000000e-02 -1.500000000e-01 1.500000000e-01
1.193000000e-02 -1.500000000e-01 1.500000000e-01
1.194000000e-02 -1.500000000e-01 1.500000000e-01
1.195000000e-02 -1.500000000e-01 1.500000000e-01
1.196000000e-02 -1.500000000e-01 1.500000000e-01
1.197000000e-02 -1.500000000e-01 1.500000000e-01
1.198000000e-02 -1.500000000e-01 1.500000000e-01
1.199000000e-02 -1.500000000e-01 1.500000000e-01
1.200000000e-02 -1.500000000e-01 1.500000000e-01
1.201000000e-02 0.000000000e+00 -0.000000000e+00
1.202000000e-02 0.000000000e+00 -0.000000000e+00
1.203000000e-02 0.000000000e+00 -0.000000000e+00
1.204000000e-02 0.000000000e+00 -0.000000000e+00
1.205000000e-02 0.000000000e+00 -0.000000000e+00
1.206000000e-02 0.000000000e+00 -0.000000000e+00
1.207000000e-02 0.000000000e+00 -0.000000000e+00
1.208000000e-02 0.000000000e+00 -0.000000000e+00
1.209000000e-02 0.000000000e+00 -0.000000000e+00
1.210000000e-02 0.000000000e+00 -0.000000000e+00
1.211000000e-02 0.000000000e+00 -0.000000000e+00
1.212000000e-02 0.000000000e+00 -0.000000000e+00
1.213000000e-02 0.000000000e+00 -0.000000000e+00
1.214000000e-02 0.000000000e+00 -0.000000000e+00
1.215000000e-02 0.000000000e+00 -0.000000000e+00
1.216000000e-02 0.000000000e+00 -0.000000000e+00
1.217000000e-02 0.000000000e+00 -0.000000000e+00
1.218000000e-02 0.000000000e+00 -0.000000000e+00
1.219000000e-02 0.000000000e+00 -0.000000000e+00
1.220000000e-02 0.000000000e+00 -0.000000000e+00
1.221000000e-02 0.000000000e+00 -0.000000000e+00
1.222000000e-02 0.000000000e+00 -0.000000000e+00
1.223000000e-02 0.000000000e+00 -0.000000000e+00
1.224000000e-02 0.000000000e+00 -0.000000000e+00
1.225000000e-02 0.000000000e+00 -0.000000000e+00
1.226000000e-02 0.000000000e+00 -0.000000000e+00
1.227000000e-02 0.000000000e+00 -0.000000000e+00
1.228000000e-02 0.000000000e+00 -0.000000000e+00
1.229000000e-02 0.000000000e+00 -0.000000000e+00
1.230000000e-02 0.000000000e+00 -0.000000000e+00
1.231000000e-02 0.000000000e+00 -0.000000000e+00
1.232000000e-02 0.000000000e+00 -0.000000000e+00
1.233000000e-02 0.000000000e+00 -0.000000000e+00
1.234000000e-02 0.000000000e+00 -0.000000000e+00
1.235000000e-02 0.000000000e+00 -0.000000000e+00
1.236000000e-02 0.000000000e+00 -0.000000000e+00
1.237000000e-02 0.000000000e+00 -0.000000000e+00
1.238000000e-02 0.000000000e+00 -0.000000000e+00
1.239000000e-02 0.000000000e+00 -0.000000000e+00
1.240000000e-02 0.000000000e+00 -0.000000000e+00
1.241000000e-02 0.000000000e+00 -0.000000000e+00
1.242000000e-02 0.000000000e+00 -0.000000000e+00
1.243000000e-02 0.000000000e+00 -0.000000000e+00
1.244000000e-02 0.000000000e+00 -0.000000000e+00
1.245000000e-02 0.000000000e+00 -0.000000000e+00
1.246000000e-02 0.000000000e+00 -0.000000000e+00
1.247000000e-02 0.000000000e+00 -0.000000000e+00
1.248000000e-02 0.000000000e+00 -0.000000000e+00
1.249000000e-02 0.000000000e+00 -0.000000000e+00
1.250000000e-02 0.000000000e+00 -0.000000000e+00
1.251000000e-02 0.000000000e+00 -0.000000000e+00
1.252000000e-02 0.000000000e+00 -0.000000000e+00
1.253000000e-02 0.000000000e+00 -0.000000000e+00
1.254000000e-02 0.000000000e+00 -0.000000000e+00
1.255000000e-02 0.000000000e+00 -0.000000000e+00
1.256000000e-02 0.000000000e+00 -0.000000000e+00
1.257000000e-02 0.000000000e+00 -0.000000000e+00
1.258000000e-02 0.000000000e+00 -0.000000000e+00
1.259000000e-02 0.000000000e+00 -0.000000000e+00
1.260000000e-02 0.000000000e+00 -0.000000000e+00
1.261000000e-02 0.000000000e+00 -0.000000000e+00
1.262000000e-02 0.000000000e+00 -0.000000000e+00
1.263000000e-02 0.000000000e+00 -0.000000000e+00
1.264000000e-02 0.000000000e+00 -0.000000000e+00
1.265000000e-02 0.000000000e+00 -0.000000000e+00
1.266000000e-02 0.000000000e+00 -0.000000000e+00
1.267000000e-02 0.000000000e+00 -0.000000000e+00
1.268000000e-02 0.000000000e+00 -0.000000000e+00
1.269000000e-02 0.000000000e+00 -0.000000000e+00
1.270000000e-02 0.000000000e+00 -0.000000000e+00
1.271000000e-02 0.000000000e+00 -0.000000000e+00
1.272000000e-02 0.000000000e+00 -0.000000000e+00
1.273000000e-02 0.000000000e+00 -0.000000000e+00
1.274000000e-02 0.000000000e+00 -0.000000000e+00
1.275000000e-02 0.000000000e+00 -0.000000000e+00
1.276000000e-02 0.000000000e+00 -0.000000000e+00
1.277000000e-02 0.000000000e+00 -0.000000000e+00
1.278000000e-02 0.000000000e+00 -0.000000000e+00
1.279000000e-02 0.000000000e+00 -0.000000000e+00
1.280000000e-02 0.000000000e+00 -0.000000000e+00
1.281000000e-02 0.000000000e+00 -0.000000000e+00
1.282000000e-02 0.000000000e+00 -0.000000000e+00
1.283000000e-02 0.000000000e+00 -0.000000000e+00
1.284000000e-02 0.000000000e+00 -0.000000000e+00
1.285000000e-02 0.000000000e+00 -0.000000000e+00
1.286000000e-02 0.000000000e+00 -0.000000000e+00
1.287000000e-02 0.000000000e+00 -0.000000000e+00
1.288000000e-02 0.000000000e+00 -0.000000000e+00
1.289000000e-02 0.000000000e+00 -0.000000000e+00
1.290000000e-02 0.000000000e+00 -0.000000000e+00
1.291000000e-02 0.000000000e+00 -0.000000000e+00
1.292000000e-02 0.000000000e+00 -0.000000000e+00
1.293000000e-02 0.000000000e+00 -0.000000000e+00
1.294000000e-02 0.000000000e+00 -0.000000000e+00
1.295000000e-02 0.000000000e+00 -0.000000000e+00
1.296000000e-02 0.000000000e+00 -0.000000000e+00
1.297000000e-02 0.000000000e+00 -0.000000000e+00
1.298000000e-02 0.000000000e+00 -0.000000000e+00
1.299000000e-02 0.000000000e+00 -0.000000000e+00
1.300000000e-02 0.000000000e+00 -0.000000000e+00
1.301000000e-02 0.000000000e+00 -0.000000000e+00
1.302000000e-02 0.000000000e+00 -0.000000000e+00
1.303000000e-02 0.000000000e+00 -0.000000000e+00
1.304000000e-02 0.000000000e+00 -0.000000000e+00
1.305000000e-02 0.000000000e+00 -0.000000000e+00
1.306000000e-02 0.000000000e+00 -0.000000000e+00
1.307000000e-02 0.000000000e+00 -0.000000000e+00
1.308000000e-02 0.000000000e+00 -0.000000000e+00
1.309000000e-02 0.000000000e+00 -0.000000000e+00
1.310000000e-02 0.000000000e+00 -0.000000000e+00
1.311000000e-02 0.000000000e+00 -0.000000000e+00
1.312000000e-02 0.000000000e+00 -0.000000000e+00
1.313000000e-02 0.000000000e+00 -0.000000000e+00
1.314000000e-02 0.000000000e+00 -0.000000000e+00
1.315000000e-02 0.000000000e+00 -0.000000000e+00
1.316000000e-02 0.000000000e+00 -0.000000000e+00
1.317000000e-02 0.000000000e+00 -0.000000000e+00
1.318000000e-02 0.000000000e+00 -0.000000000e+00
1.319000000e-02 0.000000000e+00 -0.000000000e+00
1.320000000e-02 0.000000000e+00 -0.000000000e+00
1.321000000e-02 0.000000000e+00 -0.000000000e+00
1.322000000e-02 0.000000000e+00 -0.000000000e+00
1.323000000e-02 0.000000000e+00 -0.000000000e+00
1.324000000e-02 0.000000000e+00 -0.000000000e+00
1.325000000e-02 0.000000000e+00 -0.000000000e+00
1.326000000e-02 0.000000000e+00 -0.000000000e+00
1.327000000e-02 0.000000000e+00 -0.000000000e+00
1.328000000e-02 0.000000000e+00 -0.000000000e+00
1.329000000e-02 0.000000000e+00 -0.000000000e+00
1.330000000e-02 0.000000000e+00 -0.000000000e+00
1.331000000e-02 0.000000000e+00 -0.000000000e+00
1.332000000e-02 0.000000000e+00 -0.000000000e+00
1.333000000e-02 0.000000000e+00 -0.000000000e+00
1.334000000e-02 0.000000000e+00 -0.000000000e+00
1.335000000e-02 0.000000000e+00 -0.000000000e+00
1.336000000e-02 0.000000000e+00 -0.000000000e+00
1.337000000e-02 0.000000000e+00 -0.000000000e+00
1.338000000e-02 0.000000000e+00 -0.000000000e+00
1.339000000e-02 0.000000000e+00 -0.000000000e+00
1.340000000e-02 0.000000000e+00 -0.000000000e+00
1.341000000e-02 0.000000000e+00 -0.000000000e+00
1.342000000e-02 0.000000000e+00 -0.000000000e+00
1.343000000e-02 0.000000000e+00 -0.000000000e+00
1.344000000e-02 0.000000000e+00 -0.000000000e+00
1.345000000e-02 0.000000000e+00 -0.000000000e+00
1.346000000e-02 0.000000000e+00 -0.000000000e+00
1.347000000e-02 0.000000000e+00 -0.000000000e+00
1.348000000e-02 0.000000000e+00 -0.000000000e+00
1.349000000e-02 0.000000000e+00 -0.000000000e+00
1.350000000e-02 0.000000000e+00 -0.000000000e+00
1.351000000e-02 0.000000000e+00 -0.000000000e+00
1.352000000e-02 0.000000000e+00 -0.000000000e+00
1.353000000e-02 0.000000000e+00 -0.000000000e+00
1.354000000e-02 0.000000000e+00 -0.000000000e+00
1.355000000e-02 0.000000000e+00 -0.000000000e+00
1.356000000e-02 0.000000000e+00 -0.000000000e+00
1.357000000e-02 0.000000000e+00 -0.000000000e+00
1.358000000e-02 0.000000000e+00 -0.000000000e+00
1.359000000e-02 0.000000000e+00 -0.000000000e+00
1.360000000e-02 0.000000000e+00 -0.000000000e+00
1.361000000e-02 0.000000000e+00 -0.000000000e+00
1.362000000e-02 0.000000000e+00 -0.000000000e+00
1.363000000e-02 0.000000000e+00 -0.000000000e+00
1.364000000e-02 0.000000000e+00 -0.000000000e+00
1.365000000e-02 0.000000000e+00 -0.000000000e+00
1.366000000e-02 0.000000000e+00 -0.000000000e+00
1.367000000e-02 0.000000000e+00 -0.000000000e+00
1.368000000e-02 0.000000000e+00 -0.000000000e+00
1.369000000e-02 0.000000000e+00 -0.000000000e+00
1.370000000e-02 0.000000000e+00 -0.000000000e+00
1.371000000e-02 0.000000000e+00 -0.000000000e+00
1.372000000e-02 0.000000000e+00 -0.000000000e+00
1.373000000e-02 0.000000000e+00 -0.000000000e+00
1.374000000e-02 0.000000000e+00 -0.000000000e+00
1.375000000e-02 0.000000000e+00 -0.000000000e+00
1.376000000e-02 0.000000000e+00 -0.000000000e+00
1.377000000e-02 0.000000000e+00 -0.000000000e+00
1.378000000e-02 0.000000000e+00 -0.000000000e+00
1.379000000e-02 0.000000000e+00 -0.000000000e+00
1.380000000e-02 0.000000000e+00 -0.000000000e+00
1.381000000e-02 0.000000000e+00 -0.000000000e+00
1.382000000e-02 0.000000000e+00 -0.000000000e+00
1.383000000e-02 0.000000000e+00 -0.000000000e+00
1.384000000e-02 0.000000000e+00 -0.000000000e+00
1.385000000e-02 0.000000000e+00 -0.000000000e+00
1.386000000e-02 0.000000000e+00 -0.000000000e+00
1.387000000e-02 0.000000000e+00 -0.000000000e+00
1.388000000e-02 0.000000000e+00 -0.000000000e+00
1.389000000e-02 0.000000000e+00 -0.000000000e+00
1.390000000e-02 0.000000000e+00 -0.000000000e+00
1.391000000e-02 0.000000000e+00 -0.000000000e+00
1.392000000e-02 0.000000000e+00 -0.000000000e+00
1.393000000e-02 0.000000000e+00 -0.000000000e+00
1.394000000e-02 0.000000000e+00 -0.000000000e+00
1.395000000e-02 0.000000000e+00 -0.000000000e+00
1.396000000e-02 0.000000000e+00 -0.000000000e+00
1.397000000e-02 0.000000000e+00 -0.000000000e+00
1.398000000e-02 0.000000000e+00 -0.000000000e+00
1.399000000e-02 0.000000000e+00 -0.000000000e+00
1.400000000e-02 0.000000000e+00 -0.000000000e+00
1.401000000e-02 0.000000000e+00 -0.000000000e+00
1.402000000e-02 0.000000000e+00 -0.000000000e+00
1.403000000e-02 0.000000000e+00 -0.000000000e+00
1.404000000e-02 0.000000000e+00 -0.000000000e+00
1.405000000e-02 0.000000000e+00 -0.000000000e+00
1.406000000e-02 0.000000000e+00 -0.000000000e+00
1.407000000e-02 0.000000000e+00 -0.000000000e+00
1.408000000e-02 0.000000000e+00 -0.000000000e+00
1.409000000e-02 0.000000000e+00 -0.000000000e+00
1.410000000e-02 0.000000000e+00 -0.000000000e+00
1.411000000e-02 0.000000000e+00 -0.000000000e+00
1.412000000e-02 0.000000000e+00 -0.000000000e+00
1.413000000e-02 0.000000000e+00 -0.000000000e+00
1.414000000e-02 0.000000000e+00 -0.000000000e+00
1.415000000e-02 0.000000000e+00 -0.000000000e+00
1.416000000e-02 0.000000000e+00 -0.000000000e+00
1.417000000e-02 0.000000000e+00 -0.000000000e+00
1.418000000e-02 0.000000000e+00 -0.000000000e+00
1.419000000e-02 0.000000000e+00 -0.000000000e+00
1.420000000e-02 0.000000000e+00 -0.000000000e+00
1.421000000e-02 0.000000000e+00 -0.000000000e+00
1.422000000e-02 0.000000000e+00 -0.000000000e+00
1.423000000e-02 0.000000000e+00 -0.000000000e+00
1.424000000e-02 0.000000000e+00 -0.000000000e+00
1.425000000e-02 0.000000000e+00 -0.000000000e+00
1.426000000e-02 0.000000000e+00 -0.000000000e+00
1.427000000e-02 0.000000000e+00 -0.000000000e+00
1.428000000e-02 0.000000000e+00 -0.000000000e+00
1.429000000e-02 0.000000000e+00 -0.000000000e+00
1.430000000e-02 0.000000000e+00 -0.000000000e+00
1.431000000e-02 0.000000000e+00 -0.000000000e+00
1.432000000e-02 0.000000000e+00 -0.000000000e+00
1.433000000e-02 0.000000000e+00 -0.000000000e+00
1.434000000e-02 0.000000000e+00 -0.000000000e+00
1.435000000e-02 0.000000000e+00 -0.000000000e+00
1.436000000e-02 0.000000000e+00 -0.000000000e+00
1.437000000e-02 0.000000000e+00 -0.000000000e+00
1.438000000e-02 0.000000000e+00 -0.000000000e+00
1.439000000e-02 0.000000000e+00 -0.000000000e+00
1.440000000e-02 0.000000000e+00 -0.000000000e+00
1.441000000e-02 0.000000000e+00 -0.000000000e+00
1.442000000e-02 0.000000000e+00 -0.000000000e+00
1.443000000e-02 0.000000000e+00 -0.000000000e+00
1.444000000e-02 0.000000000e+00 -0.000000000e+00
1.445000000e-02 0.000000000e+00 -0.000000000e+00
1.446000000e-02 0.000000000e+00 -0.000000000e+00
1.447000000e-02 0.000000000e+00 -0.000000000e+00
1.448000000e-02 0.000000000e+00 -0.000000000e+00
1.449000000e-02 0.000000000e+00 -0.000000000e+00
1.450000000e-02 0.000000000e+00 -0.000000000e+00
1.451000000e-02 0.000000000e+00 -0.000000000e+00
1.452000000e-02 0.000000000e+00 -0.000000000e+00
1.453000000e-02 0.000000000e+00 -0.000000000e+00
1.454000000e-02 0.000000000e+00 -0.000000000e+00
1.455000000e-02 0.000000000e+00 -0.000000000e+00
1.456000000e-02 0.000000000e+00 -0.000000000e+00
1.457000000e-02 0.000000000e+00 -0.000000000e+00
1.458000000e-02 0.000000000e+00 -0.000000000e+00
1.459000000e-02 0.000000000e+00 -0.000000000e+00
1.460000000e-02 0.000000000e+00 -0.000000000e+00
1.461000000e-02 0.000000000e+00 -0.000000000e+00
1.462000000e-02 0.000000000e+00 -0.000000000e+00
1.463000000e-02 0.000000000e+00 -0.000000000e+00
1.464000000e-02 0.000000000e+00 -0.000000000e+00
1.465000000e-02 0.000000000e+00 -0.000000000e+00
1.466000000e-02 0.000000000e+00 -0.000000000e+00
1.467000000e-02 0.000000000e+00 -0.000000000e+00
1.468000000e-02 0.000000000e+00 -0.000000000e+00
1.469000000e-02 0.000000000e+00 -0.000000000e+00
1.470000000e-02 0.000000000e+00 -0.000000000e+00
1.471000000e-02 0.000000000e+00 -0.000000000e+00
1.472000000e-02 0.000000000e+00 -0.000000000e+00
1.473000000e-02 0.000000000e+00 -0.000000000e+00
1.474000000e-02 0.000000000e+00 -0.000000000e+00
1.475000000e-02 0.000000000e+00 -0.000000000e+00
1.476000000e-02 0.000000000e+00 -0.000000000e+00
1.477000000e-02 0.000000000e+00 -0.000000000e+00
1.478000000e-02 0.000000000e+00 -0.000000000e+00
1.479000000e-02 0.000000000e+00 -0.000000000e+00
1.480000000e-02 0.000000000e+00 -0.000000000e+00
1.481000000e-02 0.000000000e+00 -0.000000000e+00
1.482000000e-02 0.000000000e+00 -0.000000000e+00
1.483000000e-02 0.000000000e+00 -0.000000000e+00
1.484000000e-02 0.000000000e+00 -0.000000000e+00
1.485000000e-02 0.000000000e+00 -0.000000000e+00
1.486000000e-02 0.000000000e+00 -0.000000000e+00
1.487000000e-02 0.000000000e+00 -0.000000000e+00
1.488000000e-02 0.000000000e+00 -0.000000000e+00
1.489000000e-02 0.000000000e+00 -0.000000000e+00
1.490000000e-02 0.000000000e+00 -0.000000000e+00
1.491000000e-02 0.000000000e+00 -0.000000000e+00
1.492000000e-02 0.000000000e+00 -0.000000000e+00
1.493000000e-02 0.000000000e+00 -0.000000000e+00
1.494000000e-02 0.000000000e+00 -0.000000000e+00
1.495000000e-02 0.000000000e+00 -0.000000000e+00
1.496000000e-02 0.000000000e+00 -0.000000000e+00
1.497000000e-02 0.000000000e+00 -0.000000000e+00
1.498000000e-02 0.000000000e+00 -0.000000000e+00
1.499000000e-02 0.000000000e+00 -0.000000000e+00
1.500000000e-02 0.000000000e+00 -0.000000000e+00
1.501000000e-02 0.000000000e+00 -0.000000000e+00
1.502000000e-02 0.000000000e+00 -0.000000000e+00
1.503000000e-02 0.000000000e+00 -0.000000000e+00
1.504000000e-02 0.000000000e+00 -0.000000000e+00
1.505000000e-02 0.000000000e+00 -0.000000000e+00
1.506000000e-02 0.000000000e+00 -0.000000000e+00
1.507000000e-02 0.000000000e+00 -0.000000000e+00
1.508000000e-02 0.000000000e+00 -0.000000000e+00
1.509000000e-02 0.000000000e+00 -0.000000000e+00
1.510000000e-02 0.000000000e+00 -0.000000000e+00
1.511000000e-02 0.000000000e+00 -0.000000000e+00
1.512000000e-02 0.000000000e+00 -0.000000000e+00
1.513000000e-02 0.000000000e+00 -0.000000000e+00
1.514000000e-02 0.000000000e+00 -0.000000000e+00
1.515000000e-02 0.000000000e+00 -0.000000000e+00
1.516000000e-02 0.000000000e+00 -0.000000000e+00
1.517000000e-02 0.000000000e+00 -0.000000000e+00
1.518000000e-02 0.000000000e+00 -0.000000000e+00
1.519000000e-02 0.000000000e+00 -0.000000000e+00
1.520000000e-02 0.000000000e+00 -0.000000000e+00
1.521000000e-02 0.000000000e+00 -0.000000000e+00
1.522000000e-02 0.000000000e+00 -0.000000000e+00
1.523000000e-02 0.000000000e+00 -0.000000000e+00
1.524000000e-02 0.000000000e+00 -0.000000000e+00
1.525000000e-02 0.000000000e+00 -0.000000000e+00
1.526000000e-02 0.000000000e+00 -0.000000000e+00
1.527000000e-02 0.000000000e+00 -0.000000000e+00
1.528000000e-02 0.000000000e+00 -0.000000000e+00
1.529000000e-02 0.000000000e+00 -0.000000000e+00
1.530000000e-02 0.000000000e+00 -0.000000000e+00
1.531000000e-02 0.000000000e+00 -0.000000000e+00
1.532000000e-02 0.000000000e+00 -0.000000000e+00
1.533000000e-02 0.000000000e+00 -0.000000000e+00
1.534000000e-02 0.000000000e+00 -0.000000000e+00
1.535000000e-02 0.000000000e+00 -0.000000000e+00
1.536000000e-02 0.000000000e+00 -0.000000000e+00
1.537000000e-02 0.000000000e+00 -0.000000000e+00
1.538000000e-02 0.000000000e+00 -0.000000000e+00
1.539000000e-02 0.000000000e+00 -0.000000000e+00
1.540000000e-02 0.000000000e+00 -0.000000000e+00
1.541000000e-02 0.000000000e+00 -0.000000000e+00
1.542000000e-02 0.000000000e+00 -0.000000000e+00
1.543000000e-02 0.000000000e+00 -0.000000000e+00
1.544000000e-02 0.000000000e+00 -0.000000000e+00
1.545000000e-02 0.000000000e+00 -0.000000000e+00
1.546000000e-02 0.000000000e+00 -0.000000000e+00
1.547000000e-02 0.000000000e+00 -0.000000000e+00
1.548000000e-02 0.000000000e+00 -0.000000000e+00
1.549000000e-02 0.000000000e+00 -0.000000000e+00
1.550000000e-02 0.000000000e+00 -0.000000000e+00
1.551000000e-02 0.000000000e+00 -0.000000000e+00
1.552000000e-02 0.000000000e+00 -0.000000000e+00
1.553000000e-02 0.000000000e+00 -0.000000000e+00
1.554000000e-02 0.000000000e+00 -0.000000000e+00
1.555000000e-02 0.000000000e+00 -0.000000000e+00
1.556000000e-02 0.000000000e+00 -0.000000000e+00
1.557000000e-02 0.000000000e+00 -0.000000000e+00
1.558000000e-02 0.000000000e+00 -0.000000000e+00
1.559000000e-02 0.000000000e+00 -0.000000000e+00
1.560000000e-02 0.000000000e+00 -0.000000000e+00
1.561000000e-02 0.000000000e+00 -0.000000000e+00
1.562000000e-02 0.000000000e+00 -0.000000000e+00
1.563000000e-02 0.000000000e+00 -0.000000000e+00
1.564000000e-02 0.000000000e+00 -0.000000000e+00
1.565000000e-02 0.000000000e+00 -0.000000000e+00
1.566000000e-02 0.000000000e+00 -0.000000000e+00
1.567000000e-02 0.000000000e+00 -0.000000000e+00
1.568000000e-02 0.000000000e+00 -0.000000000e+00
1.569000000e-02 0.000000000e+00 -0.000000000e+00
1.570000000e-02 0.000000000e+00 -0.000000000e+00
1.571000000e-02 0.000000000e+00 -0.000000000e+00
1.572000000e-02 0.000000000e+00 -0.000000000e+00
1.573000000e-02 0.000000000e+00 -0.000000000e+00
1.574000000e-02 0.000000000e+00 -0.000000000e+00
1.575000000e-02 0.000000000e+00 -0.000000000e+00
1.576000000e-02 0.000000000e+00 -0.000000000e+00
1.577000000e-02 0.000000000e+00 -0.000000000e+00
1.578000000e-02 0.000000000e+00 -0.000000000e+00
1.579000000e-02 0.000000000e+00 -0.000000000e+00
1.580000000e-02 0.000000000e+00 -0.000000000e+00
1.581000000e-02 0.000000000e+00 -0.000000000e+00
1.582000000e-02 0.000000000e+00 -0.000000000e+00
1.583000000e-02 0.000000000e+00 -0.000000000e+00
1.584000000e-02 0.000000000e+00 -0.000000000e+00
1.585000000e-02 0.000000000e+00 -0.000000000e+00
1.586000000e-02 0.000000000e+00 -0.000000000e+00
1.587000000e-02 0.000000000e+00 -0.000000000e+00
1.588000000e-02 0.000000000e+00 -0.000000000e+00
1.589000000e-02 0.000000000e+00 -0.000000000e+00
1.590000000e-02 0.000000000e+00 -0.000000000e+00
1.591000000e-02 0.000000000e+00 -0.000000000e+00
1.592000000e-02 0.000000000e+00 -0.000000000e+00
1.593000000e-02 0.000000000e+00 -0.000000000e+00
1.594000000e-02 0.000000000e+00 -0.000000000e+00
1.595000000e-02 0.000000000e+00 -0.000000000e+00
1.596000000e-02 0.000000000e+00 -0.000000000e+00
1.597000000e-02 0.000000000e+00 -0.000000000e+00
1.598000000e-02 0.000000000e+00 -0.000000000e+00
1.599000000e-02 0.000000000e+00 -0.000000000e+00
1.600000000e-02 0.000000000e+00 -0.000000000e+00
1.601000000e-02 0.000000000e+00 -0.000000000e+00
1.602000000e-02 0.000000000e+00 -0.000000000e+00
1.603000000e-02 0.000000000e+00 -0.000000000e+00
1.604000000e-02 0.000000000e+00 -0.000000000e+00
1.605000000e-02 0.000000000e+00 -0.000000000e+00
1.606000000e-02 0.000000000e+00 -0.000000000e+00
1.607000000e-02 0.000000000e+00 -0.000000000e+00
1.608000000e-02 0.000000000e+00 -0.000000000e+00
1.609000000e-02 0.000000000e+00 -0.000000000e+00
1.610000000e-02 0.000000000e+00 -0.000000000e+00
1.611000000e-02 0.000000000e+00 -0.000000000e+00
1.612000000e-02 0.000000000e+00 -0.000000000e+00
1.613000000e-02 0.000000000e+00 -0.000000000e+00
1.614000000e-02 0.000000000e+00 -0.000000000e+00
1.615000000e-02 0.000000000e+00 -0.000000000e+00
1.616000000e-02 0.000000000e+00 -0.000000000e+00
1.617000000e-02 0.000000000e+00 -0.000000000e+00
1.618000000e-02 0.000000000e+00 -0.000000000e+00
1.619000000e-02 0.000000000e+00 -0.000000000e+00
1.620000000e-02 0.000000000e+00 -0.000000000e+00
1.621000000e-02 0.000000000e+00 -0.000000000e+00
1.622000000e-02 0.000000000e+00 -0.000000000e+00
1.623000000e-02 0.000000000e+00 -0.000000000e+00
1.624000000e-02 0.000000000e+00 -0.000000000e+00
1.625000000e-02 0.000000000e+00 -0.000000000e+00
1.626000000e-02 0.000000000e+00 -0.000000000e+00
1.627000000e-02 0.000000000e+00 -0.000000000e+00
1.628000000e-02 0.000000000e+00 -0.000000000e+00
1.629000000e-02 0.000000000e+00 -0.000000000e+00
1.630000000e-02 0.000000000e+00 -0.000000000e+00
1.631000000e-02 0.000000000e+00 -0.000000000e+00
1.632000000e-02 0.000000000e+00 -0.000000000e+00
1.633000000e-02 0.000000000e+00 -0.000000000e+00
1.634000000e-02 0.000000000e+00 -0.000000000e+00
1.635000000e-02 0.000000000e+00 -0.000000000e+00
1.636000000e-02 0.000000000e+00 -0.000000000e+00
1.637000000e-02 0.000000000e+00 -0.000000000e+00
1.638000000e-02 0.000000000e+00 -0.000000000e+00
1.639000000e-02 0.000000000e+00 -0.000000000e+00
1.640000000e-02 0.000000000e+00 -0.000000000e+00
1.641000000e-02 0.000000000e+00 -0.000000000e+00
1.642000000e-02 0.000000000e+00 -0.000000000e+00
1.643000000e-02 0.000000000e+00 -0.000000000e+00
1.644000000e-02 0.000000000e+00 -0.000000000e+00
1.645000000e-02 0.000000000e+00 -0.000000000e+00
1.646000000e-02 0.000000000e+00 -0.000000000e+00
1.647000000e-02 0.000000000e+00 -0.000000000e+00
1.648000000e-02 0.000000000e+00 -0.000000000e+00
1.649000000e-02 0.000000000e+00 -0.000000000e+00
1.650000000e-02 0.000000000e+00 -0.000000000e+00
1.651000000e-02 0.000000000e+00 -0.000000000e+00
1.652000000e-02 0.000000000e+00 -0.000000000e+00
1.653000000e-02 0.000000000e+00 -0.000000000e+00
1.654000000e-02 0.000000000e+00 -0.000000000e+00
1.655000000e-02 0.000000000e+00 -0.000000000e+00
1.656000000e-02 0.000000000e+00 -0.000000000e+00
1.657000000e-02 0.000000000e+00 -0.000000000e+00
1.658000000e-02 0.000000000e+00 -0.000000000e+00
1.659000000e-02 0.000000000e+00 -0.000000000e+00
1.660000000e-02 0.000000000e+00 -0.000000000e+00
1.661000000e-02 0.000000000e+00 -0.000000000e+00
1.662000000e-02 0.000000000e+00 -0.000000000e+00
1.663000000e-02 0.000000000e+00 -0.000000000e+00
1.664000000e-02 0.000000000e+00 -0.000000000e+00
1.665000000e-02 0.000000000e+00 -0.000000000e+00
1.666000000e-02 0.000000000e+00 -0.000000000e+00
1.667000000e-02 0.000000000e+00 -0.000000000e+00
1.668000000e-02 0.000000000e+00 -0.000000000e+00
1.669000000e-02 0.000000000e+00 -0.000000000e+00
1.670000000e-02 0.000000000e+00 -0.000000000e+00
1.671000000e-02 0.000000000e+00 -0.000000000e+00
1.672000000e-02 0.000000000e+00 -0.000000000e+00
1.673000000e-02 0.000000000e+00 -0.000000000e+00
1.674000000e-02 0.000000000e+00 -0.000000000e+00
1.675000000e-02 0.000000000e+00 -0.000000000e+00
1.676000000e-02 0.000000000e+00 -0.000000000e+00
1.677000000e-02 0.000000000e+00 -0.000000000e+00
1.678000000e-02 0.000000000e+00 -0.000000000e+00
1.679000000e-02 0.000000000e+00 -0.000000000e+00
1.680000000e-02 0.000000000e+00 -0.000000000e+00
1.681000000e-02 0.000000000e+00 -0.000000000e+00
1.682000000e-02 0.000000000e+00 -0.000000000e+00
1.683000000e-02 0.000000000e+00 -0.000000000e+00
1.684000000e-02 0.000000000e+00 -0.000000000e+00
1.685000000e-02 0.000000000e+00 -0.000000000e+00
1.686000000e-02 0.000000000e+00 -0.000000000e+00
1.687000000e-02 0.000000000e+00 -0.000000000e+00
1.688000000e-02 0.000000000e+00 -0.000000000e+00
1.689000000e-02 0.000000000e+00 -0.000000000e+00
1.690000000e-02 0.000000000e+00 -0.000000000e+00
1.691000000e-02 0.000000000e+00 -0.000000000e+00
1.692000000e-02 0.000000000e+00 -0.000000000e+00
1.693000000e-02 0.000000000e+00 -0.000000000e+00
1.694000000e-02 0.000000000e+00 -0.000000000e+00
1.695000000e-02 0.000000000e+00 -0.000000000e+00
1.696000000e-02 0.000000000e+00 -0.000000000e+00
1.697000000e-02 0.000000000e+00 -0.000000000e+00
1.698000000e-02 0.000000000e+00 -0.000000000e+00
1.699000000e-02 0.000000000e+00 -0.000000000e+00
1.700000000e-02 0.000000000e+00 -0.000000000e+00
1.701000000e-02 0.000000000e+00 -0.000000000e+00
1.702000000e-02 0.000000000e+00 -0.000000000e+00
1.703000000e-02 0.000000000e+00 -0.000000000e+00
1.704000000e-02 0.000000000e+00 -0.000000000e+00
1.705000000e-02 0.000000000e+00 -0.000000000e+00
1.706000000e-02 0.000000000e+00 -0.000000000e+00
1.707000000e-02 0.000000000e+00 -0.000000000e+00
1.708000000e-02 0.000000000e+00 -0.000000000e+00
1.709000000e-02 0.000000000e+00 -0.000000000e+00
1.710000000e-02 0.000000000e+00 -0.000000000e+00
1.711000000e-02 0.000000000e+00 -0.000000000e+00
1.712000000e-02 0.000000000e+00 -0.000000000e+00
1.713000000e-02 0.000000000e+00 -0.000000000e+00
1.714000000e-02 0.000000000e+00 -0.000000000e+00
1.715000000e-02 0.000000000e+00 -0.000000000e+00
1.716000000e-02 0.000000000e+00 -0.000000000e+00
1.717000000e-02 0.000000000e+00 -0.000000000e+00
1.718000000e-02 0.000000000e+00 -0.000000000e+00
1.719000000e-02 0.000000000e+00 -0.000000000e+00
1.720000000e-02 0.000000000e+00 -0.000000000e+00
1.721000000e-02 0.000000000e+00 -0.000000000e+00
1.722000000e-02 0.000000000e+00 -0.000000000e+00
1.723000000e-02 0.000000000e+00 -0.000000000e+00
1.724000000e-02 0.000000000e+00 -0.000000000e+00
1.725000000e-02 0.000000000e+00 -0.000000000e+00
1.726000000e-02 0.000000000e+00 -0.000000000e+00
1.727000000e-02 0.000000000e+00 -0.000000000e+00
1.728000000e-02 0.000000000e+00 -0.000000000e+00
1.729000000e-02 0.000000000e+00 -0.000000000e+00
1.730000000e-02 0.000000000e+00 -0.000000000e+00
1.731000000e-02 0.000000000e+00 -0.000000000e+00
1.732000000e-02 0.000000000e+00 -0.000000000e+00
1.733000000e-02 0.000000000e+00 -0.000000000e+00
1.734000000e-02 0.000000000e+00 -0.000000000e+00
1.735000000e-02 0.000000000e+00 -0.000000000e+00
1.736000000e-02 0.000000000e+00 -0.000000000e+00
1.737000000e-02 0.000000000e+00 -0.000000000e+00
1.738000000e-02 0.000000000e+00 -0.000000000e+00
1.739000000e-02 0.000000000e+00 -0.000000000e+00
1.740000000e-02 0.000000000e+00 -0.000000000e+00
1.741000000e-02 0.000000000e+00 -0.000000000e+00
1.742000000e-02 0.000000000e+00 -0.000000000e+00
1.743000000e-02 0.000000000e+00 -0.000000000e+00
1.744000000e-02 0.000000000e+00 -0.000000000e+00
1.745000000e-02 0.000000000e+00 -0.000000000e+00
1.746000000e-02 0.000000000e+00 -0.000000000e+00
1.747000000e-02 0.000000000e+00 -0.000000000e+00
1.748000000e-02 0.000000000e+00 -0.000000000e+00
1.749000000e-02 0.000000000e+00 -0.000000000e+00
1.750000000e-02 0.000000000e+00 -0.000000000e+00
1.751000000e-02 0.000000000e+00 -0.000000000e+00
1.752000000e-02 0.000000000e+00 -0.000000000e+00
1.753000000e-02 0.000000000e+00 -0.000000000e+00
1.754000000e-02 0.000000000e+00 -0.000000000e+00
1.755000000e-02 0.000000000e+00 -0.000000000e+00
1.756000000e-02 0.000000000e+00 -0.000000000e+00
1.757000000e-02 0.000000000e+00 -0.000000000e+00
1.758000000e-02 0.000000000e+00 -0.000000000e+00
1.759000000e-02 0.000000000e+00 -0.000000000e+00
1.760000000e-02 0.000000000e+00 -0.000000000e+00
1.761000000e-02 0.000000000e+00 -0.000000000e+00
1.762000000e-02 0.000000000e+00 -0.000000000e+00
1.763000000e-02 0.000000000e+00 -0.000000000e+00
1.764000000e-02 0.000000000e+00 -0.000000000e+00
1.765000000e-02 0.000000000e+00 -0.000000000e+00
1.766000000e-02 0.000000000e+00 -0.000000000e+00
1.767000000e-02 0.000000000e+00 -0.000000000e+00
1.768000000e-02 0.000000000e+00 -0.000000000e+00
1.769000000e-02 0.000000000e+00 -0.000000000e+00
1.770000000e-02 0.000000000e+00 -0.000000000e+00
1.771000000e-02 0.000000000e+00 -0.000000000e+00
1.772000000e-02 0.000000000e+00 -0.000000000e+00
1.773000000e-02 0.000000000e+00 -0.000000000e+00
1.774000000e-02 0.000000000e+00 -0.000000000e+00
1.775000000e-02 0.000000000e+00 -0.000000000e+00
1.776000000e-02 0.000000000e+00 -0.000000000e+00
1.777000000e-02 0.000000000e+00 -0.000000000e+00
1.778000000e-02 0.000000000e+00 -0.000000000e+00
1.779000000e-02 0.000000000e+00 -0.000000000e+00
1.780000000e-02 0.000000000e+00 -0.000000000e+00
1.781000000e-02 0.000000000e+00 -0.000000000e+00
1.782000000e-02 0.000000000e+00 -0.000000000e+00
1.783000000e-02 0.000000000e+00 -0.000000000e+00
1.784000000e-02 0.000000000e+00 -0.000000000e+00
1.785000000e-02 0.000000000e+00 -0.000000000e+00
1.786000000e-02 0.000000000e+00 -0.000000000e+00
1.787000000e-02 0.000000000e+00 -0.000000000e+00
1.788000000e-02 0.000000000e+00 -0.000000000e+00
1.789000000e-02 0.000000000e+00 -0.000000000e+00
1.790000000e-02 0.000000000e+00 -0.000000000e+00
1.791000000e-02 0.000000000e+00 -0.000000000e+00
1.792000000e-02 0.000000000e+00 -0.000000000e+00
1.793000000e-02 0.000000000e+00 -0.000000000e+00
1.794000000e-02 0.000000000e+00 -0.000000000e+00
1.795000000e-02 0.000000000e+00 -0.000000000e+00
1.796000000e-02 0.000000000e+00 -0.000000000e+00
1.797000000e-02 0.000000000e+00 -0.000000000e+00
1.798000000e-02 0.000000000e+00 -0.000000000e+00
1.799000000e-02 0.000000000e+00 -0.000000000e+00
1.800000000e-02 0.000000000e+00 -0.000000000e+00
1.801000000e-02 0.000000000e+00 -0.000000000e+00
1.802000000e-02 0.000000000e+00 -0.000000000e+00
1.803000000e-02 0.000000000e+00 -0.000000000e+00
1.804000000e-02 0.000000000e+00 -0.000000000e+00
1.805000000e-02 0.000000000e+00 -0.000000000e+00
1.806000000e-02 0.000000000e+00 -0.000000000e+00
1.807000000e-02 0.000000000e+00 -0.000000000e+00
1.808000000e-02 0.000000000e+00 -0.000000000e+00
1.809000000e-02 0.000000000e+00 -0.000000000e+00
1.810000000e-02 0.000000000e+00 -0.000000000e+00
1.811000000e-02 0.000000000e+00 -0.000000000e+00
1.812000000e-02 0.000000000e+00 -0.000000000e+00
1.813000000e-02 0.000000000e+00 -0.000000000e+00
1.814000000e-02 0.000000000e+00 -0.000000000e+00
1.815000000e-02 0.000000000e+00 -0.000000000e+00
1.816000000e-02 0.000000000e+00 -0.000000000e+00
1.817000000e-02 0.000000000e+00 -0.000000000e+00
1.818000000e-02 0.000000000e+00 -0.000000000e+00
1.819000000e-02 0.000000000e+00 -0.000000000e+00
1.820000000e-02 0.000000000e+00 -0.000000000e+00
1.821000000e-02 0.000000000e+00 -0.000000000e+00
1.822000000e-02 0.000000000e+00 -0.000000000e+00
1.823000000e-02 0.000000000e+00 -0.000000000e+00
1.824000000e-02 0.000000000e+00 -0.000000000e+00
1.825000000e-02 0.000000000e+00 -0.000000000e+00
1.826000000e-02 0.000000000e+00 -0.000000000e+00
1.827000000e-02 0.000000000e+00 -0.000000000e+00
1.828000000e-02 0.000000000e+00 -0.000000000e+00
1.829000000e-02 0.000000000e+00 -0.000000000e+00
1.830000000e-02 0.000000000e+00 -0.000000000e+00
1.831000000e-02 0.000000000e+00 -0.000000000e+00
1.832000000e-02 0.000000000e+00 -0.000000000e+00
1.833000000e-02 0.000000000e+00 -0.000000000e+00
1.834000000e-02 0.000000000e+00 -0.000000000e+00
1.835000000e-02 0.000000000e+00 -0.000000000e+00
1.836000000e-02 0.000000000e+00 -0.000000000e+00
1.837000000e-02 0.000000000e+00 -0.000000000e+00
1.838000000e-02 0.000000000e+00 -0.000000000e+00
1.839000000e-02 0.000000000e+00 -0.000000000e+00
1.840000000e-02 0.000000000e+00 -0.000000000e+00
1.841000000e-02 0.000000000e+00 -0.000000000e+00
1.842000000e-02 0.000000000e+00 -0.000000000e+00
1.843000000e-02 0.000000000e+00 -0.000000000e+00
1.844000000e-02 0.000000000e+00 -0.000000000e+00
1.845000000e-02 0.000000000e+00 -0.000000000e+00
1.846000000e-02 0.000000000e+00 -0.000000000e+00
1.847000000e-02 0.000000000e+00 -0.000000000e+00
1.848000000e-02 0.000000000e+00 -0.000000000e+00
1.849000000e-02 0.000000000e+00 -0.000000000e+00
1.850000000e-02 0.000000000e+00 -0.000000000e+00
1.851000000e-02 0.000000000e+00 -0.000000000e+00
1.852000000e-02 0.000000000e+00 -0.000000000e+00
1.853000000e-02 0.000000000e+00 -0.000000000e+00
1.854000000e-02 0.000000000e+00 -0.000000000e+00
1.855000000e-02 0.000000000e+00 -0.000000000e+00
1.856000000e-02 0.000000000e+00 -0.000000000e+00
1.857000000e-02 0.000000000e+00 -0.000000000e+00
1.858000000e-02 0.000000000e+00 -0.000000000e+00
1.859000000e-02 0.000000000e+00 -0.000000000e+00
1.860000000e-02 0.000000000e+00 -0.000000000e+00
1.861000000e-02 0.000000000e+00 -0.000000000e+00
1.862000000e-02 0.000000000e+00 -0.000000000e+00
1.863000000e-02 0.000000000e+00 -0.000000000e+00
1.864000000e-02 0.000000000e+00 -0.000000000e+00
1.865000000e-02 0.000000000e+00 -0.000000000e+00
1.866000000e-02 0.000000000e+00 -0.000000000e+00
1.867000000e-02 0.000000000e+00 -0.000000000e+00
1.868000000e-02 0.000000000e+00 -0.000000000e+00
1.869000000e-02 0.000000000e+00 -0.000000000e+00
1.870000000e-02 0.000000000e+00 -0.000000000e+00
1.871000000e-02 0.000000000e+00 -0.000000000e+00
1.872000000e-02 0.000000000e+00 -0.000000000e+00
1.873000000e-02 0.000000000e+00 -0.000000000e+00
1.874000000e-02 0.000000000e+00 -0.000000000e+00
1.875000000e-02 0.000000000e+00 -0.000000000e+00
1.876000000e-02 0.000000000e+00 -0.000000000e+00
1.877000000e-02 0.000000000e+00 -0.000000000e+00
1.878000000e-02 0.000000000e+00 -0.000000000e+00
1.879000000e-02 0.000000000e+00 -0.000000000e+00
1.880000000e-02 0.000000000e+00 -0.000000000e+00
1.881000000e-02 0.000000000e+00 -0.000000000e+00
1.882000000e-02 0.000000000e+00 -0.000000000e+00
1.883000000e-02 0.000000000e+00 -0.000000000e+00
1.884000000e-02 0.000000000e+00 -0.000000000e+00
1.885000000e-02 0.000000000e+00 -0.000000000e+00
1.886000000e-02 0.000000000e+00 -0.000000000e+00
1.887000000e-02 0.000000000e+00 -0.000000000e+00
1.888000000e-02 0.000000000e+00 -0.000000000e+00
1.889000000e-02 0.000000000e+00 -0.000000000e+00
1.890000000e-02 0.000000000e+00 -0.000000000e+00
1.891000000e-02 0.000000000e+00 -0.000000000e+00
1.892000000e-02 0.000000000e+00 -0.000000000e+00
1.893000000e-02 0.000000000e+00 -0.000000000e+00
1.894000000e-02 0.000000000e+00 -0.000000000e+00
1.895000000e-02 0.000000000e+00 -0.000000000e+00
1.896000000e-02 0.000000000e+00 -0.000000000e+00
1.897000000e-02 0.000000000e+00 -0.000000000e+00
1.898000000e-02 0.000000000e+00 -0.000000000e+00
1.899000000e-02 0.000000000e+00 -0.000000000e+00
1.900000000e-02 0.000000000e+00 -0.000000000e+00
1.901000000e-02 0.000000000e+00 -0.000000000e+00
1.902000000e-02 0.000000000e+00 -0.000000000e+00
1.903000000e-02 0.000000000e+00 -0.000000000e+00
1.904000000e-02 0.000000000e+00 -0.000000000e+00
1.905000000e-02 0.000000000e+00 -0.000000000e+00
1.906000000e-02 0.000000000e+00 -0.000000000e+00
1.907000000e-02 0.000000000e+00 -0.000000000e+00
1.908000000e-02 0.000000000e+00 -0.000000000e+00
1.909000000e-02 0.000000000e+00 -0.000000000e+00
1.910000000e-02 0.000000000e+00 -0.000000000e+00
1.911000000e-02 0.000000000e+00 -0.000000000e+00
1.912000000e-02 0.000000000e+00 -0.000000000e+00
1.913000000e-02 0.000000000e+00 -0.000000000e+00
1.914000000e-02 0.000000000e+00 -0.000000000e+00
1.915000000e-02 0.000000000e+00 -0.000000000e+00
1.916000000e-02 0.000000000e+00 -0.000000000e+00
1.917000000e-02 0.000000000e+00 -0.000000000e+00
1.918000000e-02 0.000000000e+00 -0.000000000e+00
1.919000000e-02 0.000000000e+00 -0.000000000e+00
1.920000000e-02 0.000000000e+00 -0.000000000e+00
1.921000000e-02 0.000000000e+00 -0.000000000e+00
1.922000000e-02 0.000000000e+00 -0.000000000e+00
1.923000000e-02 0.000000000e+00 -0.000000000e+00
1.924000000e-02 0.000000000e+00 -0.000000000e+00
1.925000000e-02 0.000000000e+00 -0.000000000e+00
1.926000000e-02 0.000000000e+00 -0.000000000e+00
1.927000000e-02 0.000000000e+00 -0.000000000e+00
1.928000000e-02 0.000000000e+00 -0.000000000e+00
1.929000000e-02 0.000000000e+00 -0.000000000e+00
1.930000000e-02 0.000000000e+00 -0.000000000e+00
1.931000000e-02 0.000000000e+00 -0.000000000e+00
1.932000000e-02 0.000000000e+00 -0.000000000e+00
1.933000000e-02 0.000000000e+00 -0.000000000e+00
1.934000000e-02 0.000000000e+00 -0.000000000e+00
1.935000000e-02 0.000000000e+00 -0.000000000e+00
1.936000000e-02 0.000000000e+00 -0.000000000e+00
1.937000000e-02 0.000000000e+00 -0.000000000e+00
1.938000000e-02 0.000000000e+00 -0.000000000e+00
1.939000000e-02 0.000000000e+00 -0.000000000e+00
1.940000000e-02 0.000000000e+00 -0.000000000e+00
1.941000000e-02 0.000000000e+00 -0.000000000e+00
1.942000000e-02 0.000000000e+00 -0.000000000e+00
1.943000000e-02 0.000000000e+00 -0.000000000e+00
1.944000000e-02 0.000000000e+00 -0.000000000e+00
1.945000000e-02 0.000000000e+00 -0.000000000e+00
1.946000000e-02 0.000000000e+00 -0.000000000e+00
1.947000000e-02 0.000000000e+00 -0.000000000e+00
1.948000000e-02 0.000000000e+00 -0.000000000e+00
1.949000000e-02 0.000000000e+00 -0.000000000e+00
1.950000000e-02 0.000000000e+00 -0.000000000e+00
1.951000000e-02 0.000000000e+00 -0.000000000e+00
1.952000000e-02 0.000000000e+00 -0.000000000e+00
1.953000000e-02 0.000000000e+00 -0.000000000e+00
1.954000000e-02 0.000000000e+00 -0.000000000e+00
1.955000000e-02 0.000000000e+00 -0.000000000e+00
1.956000000e-02 0.000000000e+00 -0.000000000e+00
1.957000000e-02 0.000000000e+00 -0.000000000e+00
1.958000000e-02 0.000000000e+00 -0.000000000e+00
1.959000000e-02 0.000000000e+00 -0.000000000e+00
1.960000000e-02 0.000000000e+00 -0.000000000e+00
1.961000000e-02 0.000000000e+00 -0.000000000e+00
1.962000000e-02 0.000000000e+00 -0.000000000e+00
1.963000000e-02 0.000000000e+00 -0.000000000e+00
1.964000000e-02 0.000000000e+00 -0.000000000e+00
1.965000000e-02 0.000000000e+00 -0.000000000e+00
1.966000000e-02 0.000000000e+00 -0.000000000e+00
1.967000000e-02 0.000000000e+00 -0.000000000e+00
1.968000000e-02 0.000000000e+00 -0.000000000e+00
1.969000000e-02 0.000000000e+00 -0.000000000e+00
1.970000000e-02 0.000000000e+00 -0.000000000e+00
1.971000000e-02 0.000000000e+00 -0.000000000e+00
1.972000000e-02 0.000000000e+00 -0.000000000e+00
1.973000000e-02 0.000000000e+00 -0.000000000e+00
1.974000000e-02 0.000000000e+00 -0.000000000e+00
1.975000000e-02 0.000000000e+00 -0.000000000e+00
1.976000000e-02 0.000000000e+00 -0.000000000e+00
1.977000000e-02 0.000000000e+00 -0.000000000e+00
1.978000000e-02 0.000000000e+00 -0.000000000e+00
1.979000000e-02 0.000000000e+00 -0.000000000e+00
1.980000000e-02 0.000000000e+00 -0.000000000e+00
1.981000000e-02 0.000000000e+00 -0.000000000e+00
1.982000000e-02 0.000000000e+00 -0.000000000e+00
1.983000000e-02 0.000000000e+00 -0.000000000e+00
1.984000000e-02 0.000000000e+00 -0.000000000e+00
1.985000000e-02 0.000000000e+00 -0.000000000e+00
1.986000000e-02 0.000000000e+00 -0.000000000e+00
1.987000000e-02 0.000000000e+00 -0.000000000e+00
1.988000000e-02 0.000000000e+00 -0.000000000e+00
1.989000000e-02 0.000000000e+00 -0.000000000e+00
1.990000000e-02 0.000000000e+00 -0.000000000e+00
1.991000000e-02 0.000000000e+00 -0.000000000e+00
1.992000000e-02 0.000000000e+00 -0.000000000e+00
1.993000000e-02 0.000000000e+00 -0.000000000e+00
1.994000000e-02 0.000000000e+00 -0.000000000e+00
1.995000000e-02 0.000000000e+00 -0.000000000e+00
1.996000000e-02 0.000000000e+00 -0.000000000e+00
1.997000000e-02 0.000000000e+00 -0.000000000e+00
1.998000000e-02 0.000000000e+00 -0.000000000e+00
1.999000000e-02 0.000000000e+00 -0.000000000e+00
2.000000000e-02 0.000000000e+00 -0.000000000e+00
